1 0.6546875 0.7015625 0.159375 0.596875
2 0.64453125 0.44921875 0.05546875 0.09140625
1 0.18203125 0.74921875 0.2890625 0.50078125
2 0.16484375 0.56796875 0.071875 0.13828125
3 0.21796875 0.575 0.03828125 0.0828125
3 0.2453125 0.54296875 0.046875 0.1015625
1 0.4484375 0.55390625 0.0625 0.2109375
3 0.44375 0.4671875 0.01875 0.03984375
1 0.7765625 0.61328125 0.1375 0.36171875
3 0.7734375 0.4640625 0.03515625 0.0640625
1 0.8921875 0.56875 0.10546875 0.27890625
2 0.884375 0.4515625 0.03203125 0.04296875