1 0.41328125 0.88671875 0.0796875 0.2265625
1 0.31640625 0.84921875 0.08671875 0.3015625
1 0.47265625 0.5765625 0.05 0.1796875
1 0.84921875 0.88515625 0.08671875 0.22890625
1 0.81640625 0.56953125 0.0390625 0.16484375
1 0.78046875 0.58046875 0.0453125 0.14921875
1 0.76328125 0.69609375 0.0640625 0.221875
1 0.18359375 0.46640625 0.0375 0.1375
1 0.0984375 0.5015625 0.04375 0.1578125
1 0.3421875 0.40078125 0.03046875 0.1078125
1 0.30546875 0.378125 0.02421875 0.10390625
1 0.4015625 0.37734375 0.0234375 0.09375
1 0.36796875 0.4359375 0.0328125 0.12109375
1 0.2296875 0.4265625 0.034375 0.1265625
1 0.6125 0.47890625 0.02890625 0.12734375
1 0.64921875 0.43359375 0.02734375 0.11015625
1 0.6515625 0.53359375 0.03984375 0.14375
1 0.59453125 0.4484375 0.02890625 0.12734375
0 0.28359375 0.65390625 0.04453125 0.22890625
0 0.13828125 0.44140625 0.03203125 0.12265625
1 0.1203125 0.40546875 0.02890625 0.11171875
2 0.753125 0.9234375 0.0296875 0.05859375
2 0.84921875 0.79296875 0.025 0.0453125
2 0.5578125 0.584375 0.0171875 0.0375
2 0.4140625 0.7984375 0.025 0.04921875
2 0.31796875 0.73828125 0.025 0.0484375
2 0.7734375 0.60859375 0.0171875 0.03515625
2 0.6078125 0.6265625 0.01953125 0.0328125
3 0.2859375 0.5546875 0.015625 0.03125
1 0.55859375 0.35859375 0.01953125 0.08203125
1 0.5765625 0.37734375 0.021875 0.0890625
2 0.47734375 0.50234375 0.0140625 0.03125
2 0.7875 0.52109375 0.01484375 0.02421875
3 0.82109375 0.5 0.01484375 0.02578125
2 0.6484375 0.56640625 0.01640625 0.0296875
2 0.10078125 0.44140625 0.0125 0.03203125
2 0.18671875 0.4109375 0.01171875 0.02734375
2 0.22890625 0.37578125 0.01015625 0.02421875
2 0.36953125 0.38671875 0.01015625 0.02265625
2 0.26875 0.3625 0.009375 0.02265625
2 0.54453125 0.8828125 0.028125 0.0484375
2 0.65390625 0.4734375 0.0125 0.0234375
2 0.6140625 0.4265625 0.0109375 0.021875
2 0.65078125 0.3875 0.00859375 0.01640625
2 0.59921875 0.39453125 0.0109375 0.01796875