1 0.37421875 0.91171875 0.109375 0.1765625
1 0.734375 0.90234375 0.090625 0.1953125
1 0.59140625 0.8984375 0.0765625 0.203125
0 0.22265625 0.84765625 0.0578125 0.3046875
1 0.11171875 0.64453125 0.05390625 0.20078125
1 0.24375 0.55078125 0.04453125 0.1671875
1 0.57109375 0.5515625 0.040625 0.16328125
1 0.61328125 0.49375 0.03359375 0.13203125
1 0.6609375 0.48125 0.0328125 0.1234375
1 0.22109375 0.47578125 0.03359375 0.13515625
1 0.26015625 0.77578125 0.05703125 0.2734375
1 0.3046875 0.42265625 0.03046875 0.11328125
1 0.709375 0.77890625 0.0703125 0.23359375
1 0.70078125 0.5625 0.04140625 0.1484375
1 0.20078125 0.446875 0.0328125 0.13359375
1 0.140625 0.48046875 0.03671875 0.1390625
2 0.7296875 0.83203125 0.025 0.05234375
2 0.65859375 0.95859375 0.03671875 0.06953125
2 0.584375 0.82265625 0.02734375 0.0484375
2 0.70625 0.6796875 0.01953125 0.0359375
2 0.70546875 0.49921875 0.01171875 0.021875
2 0.35546875 0.86484375 0.02890625 0.0546875
2 0.253125 0.659375 0.01953125 0.03984375
2 0.14140625 0.42109375 0.01171875 0.0203125
0 0.25234375 0.4390625 0.028125 0.115625
2 0.24453125 0.48203125 0.0125 0.03046875
1 0.12109375 0.54765625 0.04296875 0.15078125
2 0.1234375 0.48359375 0.01328125 0.02265625
1 0.053125 0.53046875 0.04609375 0.16171875
2 0.0375 0.446875 0.0140625 0.025
2 0.07578125 0.440625 0.01171875 0.02265625
2 0.059375 0.4625 0.0125 0.02421875
2 0.5703125 0.48125 0.01328125 0.021875
1 0.3546875 0.40546875 0.028125 0.10078125
1 0.58125 0.35859375 0.02109375 0.0703125
1 0.4703125 0.375 0.021875 0.084375
3 0.225 0.7171875 0.021875 0.04140625
2 0.6625 0.43125 0.01171875 0.0203125
2 0.61640625 0.43984375 0.0109375 0.02109375
2 0.71171875 0.48203125 0.0109375 0.02109375
2 0.7 0.6171875 0.01796875 0.0328125
3 0.1078125 0.559375 0.015625 0.03125
2 0.2265625 0.421875 0.01015625 0.02734375
3 0.253125 0.39296875 0.009375 0.02265625
2 0.034375 0.41953125 0.01171875 0.0234375
2 0.05 0.40078125 0.01015625 0.01953125
2 0.61796875 0.40859375 0.01171875 0.02109375