1 0.42734375 0.54765625 0.06875 0.1734375
1 0.38046875 0.49140625 0.0578125 0.1421875
1 0.3140625 0.4703125 0.0546875 0.1328125
1 0.2484375 0.5421875 0.071875 0.1671875
1 0.8703125 0.81953125 0.2 0.2796875
1 0.8984375 0.61171875 0.071875 0.175
1 0.71953125 0.5625 0.0640625 0.1625
1 0.80625 0.7234375 0.0859375 0.221875
1 0.765625 0.50078125 0.053125 0.1328125
1 0.81875 0.54375 0.0625 0.1484375
1 0.26640625 0.80078125 0.121875 0.2984375
1 0.25 0.69609375 0.0859375 0.2234375
1 0.79765625 0.4796875 0.0515625 0.1328125
0 0.7375 0.87578125 0.109375 0.2484375
1 0.2796875 0.51484375 0.059375 0.1515625
1 0.2140625 0.87890625 0.121875 0.175
1 0.3796875 0.90234375 0.109375 0.178125
2 0.4015625 0.8484375 0.0375 0.05625
2 0.22734375 0.83125 0.0390625 0.0671875
2 0.290625 0.68125 0.0296875 0.05
2 0.265625 0.6078125 0.0265625 0.0421875
2 0.6828125 0.93203125 0.046875 0.0640625
2 0.6625 0.92109375 0.0390625 0.06875
1 0.70546875 0.82265625 0.1078125 0.271875
2 0.728125 0.7140625 0.0265625 0.04375
2 0.88203125 0.715625 0.03125 0.0515625
2 0.7296875 0.5 0.0171875 0.0328125
2 0.25625 0.4765625 0.0171875 0.0296875
2 0.43984375 0.47734375 0.0171875 0.0265625
3 0.759375 0.7796875 0.028125 0.046875
3 0.8234375 0.6328125 0.0171875 0.0328125
2 0.83046875 0.5578125 0.01875 0.0265625
2 0.903125 0.5390625 0.0171875 0.028125
2 0.89140625 0.50625 0.015625 0.0234375
2 0.90625 0.50859375 0.015625 0.0234375
2 0.92734375 0.49296875 0.015625 0.025
2 0.28671875 0.453125 0.015625 0.025
2 0.3203125 0.4171875 0.0140625 0.021875
1 0.3890625 0.38828125 0.0390625 0.096875
2 0.39453125 0.39453125 0.0140625 0.021875
2 0.3875 0.434375 0.0171875 0.025
2 0.8046875 0.4359375 0.0140625 0.0265625
2 0.82578125 0.48203125 0.015625 0.0234375
1 0.68984375 0.43984375 0.046875 0.1140625
1 0.65 0.4171875 0.0421875 0.1
1 0.440625 0.33984375 0.0390625 0.090625
2 0.91484375 0.47265625 0.0140625 0.021875
2 0.77109375 0.45 0.0140625 0.0265625
2 0.3921875 0.34921875 0.009375 0.0171875