1 0.165625 0.86171875 0.09375 0.27578125
1 0.7125 0.8703125 0.071875 0.259375
1 0.59140625 0.8359375 0.1171875 0.2921875
1 0.5203125 0.63125 0.05234375 0.20625
1 0.23203125 0.66328125 0.06015625 0.21953125
1 0.34765625 0.56484375 0.0484375 0.17421875
1 0.74609375 0.60859375 0.04453125 0.18515625
1 0.94296875 0.69609375 0.065625 0.209375
1 0.81875 0.6125 0.04609375 0.1734375
1 0.63984375 0.596875 0.046875 0.178125
1 0.1453125 0.6 0.0546875 0.1875
1 0.0953125 0.52421875 0.04296875 0.1609375
1 0.25703125 0.484375 0.04296875 0.1390625
1 0.628125 0.4296875 0.0265625 0.1078125
1 0.58828125 0.37734375 0.02421875 0.08125
1 0.16328125 0.44453125 0.03515625 0.12734375
1 0.196875 0.55390625 0.05 0.16328125
1 0.08125 0.4609375 0.0375 0.13828125
1 0.2234375 0.50625 0.03515625 0.15703125
1 0.19296875 0.42578125 0.0328125 0.1078125
1 0.37421875 0.746875 0.0640625 0.240625
2 0.59296875 0.7140625 0.02578125 0.04921875
2 0.71171875 0.76484375 0.02578125 0.04921875
2 0.95390625 0.6109375 0.01875 0.0375
2 0.74765625 0.53046875 0.01484375 0.0296875
1 0.340625 0.90625 0.109375 0.1875
2 0.3390625 0.8453125 0.03046875 0.0625
2 0.37578125 0.64375 0.021875 0.0359375
2 0.15625 0.74921875 0.0234375 0.0515625
2 0.146875 0.521875 0.0140625 0.03046875
2 0.23828125 0.57109375 0.015625 0.0359375
2 0.51953125 0.54296875 0.0171875 0.03046875
2 0.64375 0.52421875 0.0140625 0.02890625
1 0.353125 0.4546875 0.03671875 0.12109375
2 0.35078125 0.49375 0.0171875 0.03203125
2 0.3546875 0.4078125 0.01171875 0.02578125
2 0.6421875 0.46484375 0.01328125 0.0265625
2 0.8203125 0.53984375 0.015625 0.02890625
1 0.228125 0.40078125 0.0296875 0.11171875
2 0.22265625 0.44140625 0.0125 0.025
2 0.2078125 0.48515625 0.0125 0.025
2 0.19453125 0.459375 0.0140625 0.0265625
2 0.19453125 0.4859375 0.0125 0.02421875
2 0.0265625 0.46328125 0.0125 0.03203125
2 0.08515625 0.4046875 0.01171875 0.0265625
3 0.10390625 0.46171875 0.0125 0.0296875
2 0.19453125 0.3828125 0.009375 0.02109375
3 0.34765625 0.72109375 0.01796875 0.03984375
2 0.171875 0.76328125 0.01796875 0.05
1 0.55234375 0.3296875 0.01875 0.0703125
1 0.57265625 0.3484375 0.01953125 0.075
1 0.34296875 0.375 0.02109375 0.0875
1 0.37109375 0.378125 0.025 0.09296875
1 0.4 0.3640625 0.02421875 0.0859375
0 0.303125 0.37421875 0.021875 0.08671875
0 0.26484375 0.378125 0.02421875 0.08046875
1 0.278125 0.4078125 0.028125 0.1078125
1 0.61953125 0.3609375 0.01953125 0.06953125
2 0.6296875 0.38359375 0.00859375 0.01796875