1 0.04921875 0.584375 0.0984375 0.234375
1 0.2421875 0.61015625 0.1140625 0.228125
1 0.3328125 0.56484375 0.1078125 0.203125
1 0.16875 0.5390625 0.1109375 0.203125
1 0.21953125 0.4828125 0.09375 0.1828125
1 0.32578125 0.36484375 0.065625 0.1265625
1 0.35390625 0.378125 0.0609375 0.115625
1 0.4703125 0.340625 0.05625 0.109375
1 0.6703125 0.640625 0.1109375 0.2140625
1 0.671875 0.5265625 0.08125 0.1625
1 0.7515625 0.6234375 0.090625 0.1921875
1 0.87734375 0.509375 0.0734375 0.1375
1 0.821875 0.6015625 0.0984375 0.1828125
1 0.78046875 0.43203125 0.0578125 0.115625
1 0.74765625 0.41796875 0.05625 0.1140625
1 0.70859375 0.40390625 0.059375 0.115625
1 0.6796875 0.39140625 0.05 0.109375
1 0.41796875 0.31328125 0.0421875 0.0890625
1 0.55390625 0.325 0.04375 0.090625
2 0.68984375 0.55625 0.0234375 0.0328125
2 0.2671875 0.521875 0.0265625 0.040625
2 0.05859375 0.4921875 0.028125 0.040625
2 0.2375 0.4109375 0.0203125 0.03125
2 0.75703125 0.51953125 0.0203125 0.0296875
2 0.1859375 0.45859375 0.0234375 0.0328125
2 0.34921875 0.4859375 0.025 0.0359375
2 0.83203125 0.5390625 0.0234375 0.0328125
2 0.6875 0.47421875 0.0171875 0.025
2 0.88671875 0.45703125 0.015625 0.0265625
2 0.809375 0.47734375 0.0171875 0.025
3 0.81796875 0.48984375 0.015625 0.0234375
2 0.821875 0.46328125 0.0171875 0.0265625
2 0.83359375 0.44765625 0.015625 0.025
2 0.78984375 0.38828125 0.015625 0.025
3 0.33359375 0.3140625 0.015625 0.0203125
2 0.3890625 0.3484375 0.015625 0.021875
2 0.4796875 0.29765625 0.0125 0.0171875
2 0.36484375 0.33359375 0.0125 0.01875
2 0.94375 0.51796875 0.0203125 0.034375
2 0.9828125 0.48125 0.015625 0.0265625
2 0.7578125 0.37421875 0.0140625 0.0234375
2 0.71796875 0.359375 0.0125 0.021875
1 0.66875 0.353125 0.0390625 0.084375
1 0.54921875 0.2890625 0.0359375 0.0734375
1 0.396875 0.29609375 0.0421875 0.0890625