1 0.4703125 0.609375 0.0640625 0.1921875
1 0.65078125 0.884375 0.1046875 0.23125
1 0.5578125 0.92265625 0.096875 0.1546875
2 0.5640625 0.878125 0.03125 0.05625
2 0.65703125 0.815625 0.028125 0.05625
1 0.140625 0.8921875 0.1046875 0.1734375
2 0.146875 0.8359375 0.03125 0.0546875
1 0.18984375 0.5890625 0.059375 0.1578125
1 0.19375 0.7234375 0.084375 0.2421875
2 0.19375 0.6296875 0.021875 0.0375
1 0.34140625 0.55546875 0.0515625 0.1546875
2 0.3484375 0.59140625 0.01875 0.03125
1 0.39765625 0.6421875 0.065625 0.0953125
2 0.39453125 0.615625 0.0203125 0.0375
1 0.35703125 0.4453125 0.0375 0.1171875
1 0.38203125 0.50234375 0.040625 0.1375
1 0.41171875 0.4640625 0.0390625 0.1328125
1 0.1609375 0.571875 0.0453125 0.175
1 0.7921875 0.48984375 0.0453125 0.134375
1 0.865625 0.52890625 0.053125 0.1546875
1 0.61484375 0.44765625 0.0359375 0.1171875
1 0.684375 0.4 0.0296875 0.0984375
1 0.653125 0.4171875 0.0359375 0.1078125
1 0.75546875 0.45234375 0.0390625 0.1296875
1 0.45078125 0.3796875 0.0265625 0.0859375
0 0.709375 0.6984375 0.065625 0.2390625
3 0.71171875 0.59609375 0.01875 0.0328125
2 0.34375 0.49296875 0.0140625 0.0265625
2 0.47109375 0.53125 0.0171875 0.03125
2 0.42265625 0.9625 0.0359375 0.0546875
2 0.1875 0.965625 0.0359375 0.0296875
1 0.94453125 0.5296875 0.05 0.1359375
2 0.94765625 0.47890625 0.0140625 0.0296875
2 0.7078125 0.56796875 0.01875 0.025
2 0.86796875 0.46953125 0.0140625 0.03125
2 0.8578125 0.465625 0.0125 0.025
2 0.1859375 0.528125 0.015625 0.028125
3 0.1625 0.50078125 0.0171875 0.0265625
2 0.35859375 0.39765625 0.0125 0.01875
2 0.3828125 0.44609375 0.0140625 0.0234375
2 0.61796875 0.4 0.0109375 0.021875
2 0.72109375 0.3859375 0.0109375 0.021875
1 0.42890625 0.39296875 0.0296875 0.090625
1 0.596875 0.3921875 0.028125 0.0921875
2 0.79296875 0.43671875 0.0125 0.025
3 0.70859375 0.40859375 0.0109375 0.021875