1 0.49921875 0.871875 0.1046875 0.25625
1 0.58671875 0.7703125 0.08125 0.2734375
1 0.6359375 0.696875 0.071875 0.240625
1 0.19375 0.75390625 0.08125 0.2515625
1 0.4421875 0.83203125 0.0953125 0.2984375
1 0.6046875 0.54921875 0.059375 0.1890625
1 0.74765625 0.64453125 0.0796875 0.2328125
1 0.76796875 0.44453125 0.05 0.1453125
1 0.8625 0.4265625 0.046875 0.1515625
1 0.715625 0.3953125 0.0453125 0.1296875
1 0.64609375 0.371875 0.034375 0.109375
1 0.353125 0.509375 0.0421875 0.09375
1 0.25 0.5046875 0.0359375 0.1453125
1 0.39296875 0.4015625 0.0390625 0.1171875
1 0.6734375 0.48671875 0.0515625 0.1609375
1 0.825 0.40625 0.0375 0.1359375
1 0.30859375 0.64453125 0.059375 0.203125
1 0.35625 0.4203125 0.0328125 0.109375
1 0.3375 0.45 0.0375 0.125
1 0.04453125 0.77421875 0.071875 0.2203125
1 0.03828125 0.865625 0.0546875 0.26875
2 0.49921875 0.77421875 0.028125 0.0546875
2 0.43046875 0.70546875 0.025 0.0453125
2 0.6296875 0.59609375 0.0203125 0.0359375
2 0.596875 0.471875 0.015625 0.03125
2 0.7375 0.55859375 0.021875 0.0390625
2 0.1828125 0.64921875 0.021875 0.0390625
2 0.38984375 0.52734375 0.0171875 0.028125
2 0.275 0.46015625 0.0125 0.021875
3 0.725 0.47265625 0.0140625 0.025
2 0.6671875 0.42265625 0.0140625 0.0265625
1 0.70078125 0.5375 0.0484375 0.1890625
2 0.70078125 0.45703125 0.015625 0.028125
2 0.81875 0.35078125 0.0125 0.025
2 0.859375 0.36484375 0.0109375 0.028125
2 0.3109375 0.57265625 0.015625 0.0296875
3 0.246875 0.4453125 0.015625 0.025
2 0.2859375 0.49921875 0.0140625 0.025
2 0.35078125 0.47578125 0.0125 0.0234375
2 0.33515625 0.39921875 0.0109375 0.021875
2 0.7609375 0.3859375 0.0125 0.0265625
2 0.7125 0.3453125 0.0125 0.0265625
1 0.36640625 0.31953125 0.021875 0.0703125
1 0.41171875 0.325 0.0265625 0.078125
2 0.3546875 0.375 0.0109375 0.0171875
2 0.5765625 0.65078125 0.021875 0.034375
2 0.0203125 0.68671875 0.0234375 0.04375
1 0.4953125 0.29921875 0.01875 0.0734375