1 0.79609375 0.87109375 0.1046875 0.2578125
1 0.6640625 0.82421875 0.08125 0.284375
1 0.615625 0.7875 0.0765625 0.25
0 0.25546875 0.725 0.071875 0.271875
1 0.06328125 0.50625 0.0546875 0.171875
0 0.16953125 0.4734375 0.05 0.159375
1 0.2296875 0.4421875 0.046875 0.134375
1 0.1390625 0.46015625 0.05 0.153125
1 0.28515625 0.4171875 0.040625 0.1203125
1 0.65 0.5828125 0.05 0.1609375
1 0.59453125 0.5015625 0.0421875 0.14375
1 0.440625 0.39921875 0.0328125 0.1015625
1 0.8828125 0.6984375 0.0703125 0.196875
1 0.71640625 0.70703125 0.075 0.225
1 0.66640625 0.49140625 0.040625 0.125
2 0.8109375 0.7734375 0.0265625 0.04375
2 0.67421875 0.70625 0.025 0.04375
2 0.62421875 0.68359375 0.0234375 0.0390625
2 0.69140625 0.57734375 0.0171875 0.034375
2 0.72734375 0.61640625 0.0203125 0.0390625
1 0.5359375 0.77265625 0.0875 0.1515625
2 0.534375 0.72890625 0.0265625 0.040625
2 0.27890625 0.56640625 0.01875 0.0375
2 0.89921875 0.621875 0.01875 0.0296875
1 0.91328125 0.66953125 0.0390625 0.1890625
2 0.9203125 0.59140625 0.015625 0.0296875
3 0.26484375 0.609375 0.021875 0.0375
2 0.65546875 0.515625 0.015625 0.0265625
2 0.6734375 0.440625 0.0109375 0.0203125
2 0.07265625 0.4390625 0.015625 0.0328125
3 0.175 0.4078125 0.0125 0.0234375
2 0.23515625 0.38984375 0.0109375 0.025
2 0.59921875 0.44296875 0.0125 0.0203125
2 0.61875 0.43203125 0.0109375 0.0203125
1 0.3109375 0.3953125 0.0328125 0.1125
1 0.57890625 0.34140625 0.0234375 0.065625
1 0.4 0.36875 0.034375 0.0828125
1 0.35546875 0.3828125 0.0296875 0.103125