1 0.66796875 0.8703125 0.1078125 0.259375
1 0.51640625 0.6109375 0.078125 0.2015625
1 0.14375 0.80625 0.1296875 0.303125
1 0.2640625 0.7625 0.1 0.2734375
1 0.8484375 0.7109375 0.08125 0.2015625
1 0.77890625 0.6171875 0.065625 0.1671875
1 0.7203125 0.62421875 0.0671875 0.18125
1 0.6203125 0.58828125 0.065625 0.16875
1 0.39453125 0.87890625 0.1265625 0.23125
1 0.4359375 0.8 0.1578125 0.2921875
1 0.3375 0.45390625 0.05625 0.1421875
1 0.296875 0.51171875 0.0671875 0.1625
1 0.1828125 0.58359375 0.084375 0.209375
1 0.12890625 0.52421875 0.0734375 0.18125
1 0.2328125 0.43828125 0.0625 0.140625
1 0.121875 0.40390625 0.0546875 0.1359375
1 0.15546875 0.38671875 0.046875 0.1171875
1 0.28203125 0.3875 0.0421875 0.1171875
2 0.41171875 0.8015625 0.034375 0.0609375
2 0.68359375 0.76640625 0.03125 0.04375
2 0.45078125 0.6875 0.0296875 0.0515625
2 0.528125 0.528125 0.0203125 0.03125
2 0.15390625 0.68515625 0.03125 0.05
2 0.86953125 0.63125 0.0203125 0.0359375
2 0.31015625 0.4484375 0.0171875 0.0296875
2 0.14140625 0.4515625 0.01875 0.03125
1 0.63984375 0.43515625 0.0390625 0.0953125
1 0.60546875 0.38515625 0.034375 0.08125
1 0.59296875 0.35703125 0.0265625 0.075
1 0.57734375 0.3359375 0.0296875 0.0703125
1 0.37578125 0.36484375 0.0390625 0.103125
1 0.3453125 0.359375 0.0375 0.09375
0 0.31171875 0.3515625 0.0328125 0.090625
0 0.0125 0.821875 0.025 0.221875
1 0.26638717343749996 0.6207064156250001 0.266268496875 0.6267205437500001 0.2772525859375 0.629556575 0.28140873125 0.6310022265625 0.285980496875 0.6329370625 0.2884148984375 0.6414638640625 0.2878806828125 0.6538811734375 0.28479747031249997 0.66720320625 0.29423792031249996 0.6758531 0.301422390625 0.7022783609375 0.2983352125 0.72252154375 0.2921011703125 0.7358608859375 0.2886577421875 0.75519245625 0.2922201453125 0.7556931203125 0.293348165625 0.749390071875 0.29720742968749997 0.749501684375 0.3141285 0.7221565140624999 0.3051629375 0.7049579203125 0.302313075 0.7097266640625 0.30777510937499997 0.6829248921875 0.3114479984375 0.6688535453125 0.30942901875 0.6435850171874999 0.3115663609375 0.6352699609375 0.31768184375 0.63828329375 0.322134634375 0.620385896875 0.3185124875 0.5875689328125 0.3099033125 0.5833435890625001 0.3136437609375 0.57740769375 0.31690904531249997 0.555897225 0.3001934296875 0.5520470171875 0.296607721875 0.581445659375 0.2912641484375 0.5832793015625 0.2726212546875 0.6108132578125 0.27119639218749997 0.619228446875 0.26638717343749996 0.6207064156250001
3 0.2796875 0.65 0.0234375 0.0390625
1 0.4109375 0.35625 0.0359375 0.090625
2 0.16640625 0.70078125 0.025 0.05
2 0.2 0.5 0.0203125 0.0359375
2 0.19609375 0.42890625 0.0171875 0.0265625
2 0.1796875 0.42578125 0.0171875 0.028125
2 0.18203125 0.403125 0.0140625 0.0234375
2 0.209375 0.390625 0.0140625 0.0234375
2 0.6328125 0.521875 0.0203125 0.0296875
2 0.73203125 0.55 0.01875 0.028125
2 0.7890625 0.55078125 0.0171875 0.028125
2 0.6390625 0.46796875 0.015625 0.025
3 0.05703125 0.42109375 0.01875 0.0328125
1 0.04140625 0.3921875 0.0546875 0.1140625
2 0.05390625 0.35234375 0.0171875 0.028125
2 0.30703125 0.5671875 0.0203125 0.0296875
2 0.16484375 0.34296875 0.0125 0.025
2 0.346875 0.3984375 0.0140625 0.028125