1 0.7328125 0.85078125 0.078125 0.284375
1 0.5359375 0.60625 0.0578125 0.1984375
1 0.2015625 0.8578125 0.1 0.284375
1 0.31328125 0.8 0.071875 0.26875
1 0.8796875 0.646875 0.0609375 0.1984375
1 0.79453125 0.5671875 0.0484375 0.1640625
1 0.73828125 0.58359375 0.05 0.178125
1 0.63359375 0.56640625 0.05 0.165625
1 0.46171875 0.88984375 0.1046875 0.2203125
1 0.4890625 0.80703125 0.13125 0.28125
1 0.33203125 0.4828125 0.0421875 0.1390625
1 0.30234375 0.546875 0.0515625 0.159375
1 0.20234375 0.63671875 0.0640625 0.20625
1 0.1390625 0.58828125 0.0546875 0.178125
1 0.22578125 0.48515625 0.05 0.1375
1 0.1109375 0.47109375 0.040625 0.134375
1 0.140625 0.4484375 0.0359375 0.1140625
1 0.26640625 0.4265625 0.03125 0.115625
2 0.465625 0.8125 0.028125 0.0578125
2 0.7265625 0.73046875 0.0265625 0.0421875
2 0.484375 0.69296875 0.025 0.05
2 0.5328125 0.5234375 0.0171875 0.0296875
2 0.19140625 0.7421875 0.0265625 0.0484375
2 0.88671875 0.565625 0.0171875 0.034375
2 0.30390625 0.48203125 0.015625 0.028125
2 0.13828125 0.5140625 0.015625 0.0296875
1 0.6265625 0.41171875 0.0296875 0.09375
1 0.58359375 0.36875 0.0265625 0.078125
1 0.56640625 0.34296875 0.0203125 0.0734375
1 0.54765625 0.325 0.021875 0.06875
1 0.3546875 0.38828125 0.0296875 0.1015625
1 0.3234375 0.38828125 0.0296875 0.0921875
0 0.2890625 0.3859375 0.0234375 0.0890625
0 0.04375 0.9 0.06875 0.2
1 0.2908967265625 0.65943905625 0.2918241953125 0.6653824234375 0.3031338828125 0.6662680015625 0.307477921875 0.666969984375 0.31231621249999997 0.668081546875 0.31619429375 0.6760560765625 0.3178244359375 0.6883775062499999 0.3171014125 0.7020325421875 0.32790047968749997 0.70891170625 0.33956449843750003 0.7336879390625 0.3400394140625 0.754159665625 0.336216434375 0.76837888125 0.3361822109375 0.7880147078124999 0.33977743125000004 0.7878891593749999 0.33979380312499996 0.781485990625 0.3436138171875 0.780925753125 0.3555293796875 0.7510577046875 0.3437135203125 0.73567725 0.3417350375 0.74086841875 0.3424600109375 0.7135253546875 0.34363363750000003 0.6990299921875 0.337257496875 0.6744959421875001 0.3379184734375 0.6659360640624999 0.3444643078125 0.6678416765625 0.3457416 0.6494429609375 0.3364758765625 0.617753540625 0.3272637703125 0.61508735625 0.3299166359375 0.6085921187500001 0.329397059375 0.58684143125 0.312266809375 0.5859523515625 0.3138405984375 0.615527015625 0.3088966140625 0.6182607015625 0.29531816875 0.6486136609375001 0.2953762359375 0.657148428125 0.2908967265625 0.65943905625
3 0.30859375 0.6859375 0.01875 0.0375
1 0.3875 0.37421875 0.0265625 0.0890625
3 0.02109375 0.82890625 0.021875 0.0546875
2 0.20625 0.75546875 0.0203125 0.0484375
2 0.2046875 0.5515625 0.0171875 0.034375
2 0.18828125 0.4828125 0.0140625 0.025
2 0.171875 0.4828125 0.0140625 0.0265625
2 0.1703125 0.46015625 0.0125 0.021875
2 0.19453125 0.44296875 0.0125 0.021875
2 0.634375 0.4984375 0.0171875 0.028125
2 0.7375 0.50859375 0.015625 0.0265625
2 0.79296875 0.5 0.015625 0.0265625
2 0.63203125 0.44453125 0.0140625 0.025
3 0.05 0.49921875 0.015625 0.03125
1 0.0296875 0.4734375 0.04375 0.1109375
2 0.03515625 0.43203125 0.0140625 0.0265625
2 0.32109375 0.6 0.01875 0.028125
2 0.1421875 0.40390625 0.0109375 0.0234375
2 0.33203125 0.4265625 0.0125 0.0265625