1 0.59609375 0.596875 0.059375 0.1859375
1 0.90390625 0.69140625 0.0578125 0.21953125
1 0.95546875 0.9078125 0.0890625 0.184375
1 0.7171875 0.6546875 0.05703125 0.20703125
1 0.76328125 0.61171875 0.0546875 0.18515625
1 0.70625 0.41953125 0.03671875 0.11953125
1 0.5625 0.3625 0.03046875 0.103125
1 0.08984375 0.4328125 0.0390625 0.1328125
1 0.13828125 0.51171875 0.0546875 0.17109375
1 0.1984375 0.54609375 0.0484375 0.1765625
1 0.28125 0.4734375 0.04609375 0.1484375
1 0.253125 0.57734375 0.05390625 0.19609375
1 0.23828125 0.3796875 0.03125 0.1140625
1 0.26953125 0.3734375 0.0296875 0.11171875
1 0.32109375 0.3734375 0.0296875 0.11640625
1 0.48046875 0.3359375 0.021875 0.0921875
1 0.6453125 0.33515625 0.02109375 0.08359375
2 0.7171875 0.56953125 0.015625 0.0359375
2 0.9109375 0.59921875 0.01640625 0.03671875
2 0.98828125 0.846875 0.0234375 0.0609375
2 0.24453125 0.96796875 0.0390625 0.0640625
2 0.2546875 0.49375 0.01484375 0.02890625
2 0.2296875 0.45 0.0125 0.02578125
2 0.59765625 0.51875 0.015625 0.03125
2 0.765625 0.47421875 0.01328125 0.02578125
2 0.14609375 0.44921875 0.01484375 0.028125
2 0.1640625 0.38203125 0.01328125 0.02421875
2 0.0953125 0.38125 0.01171875 0.02890625
3 0.1796875 0.409375 0.0125 0.02265625
2 0.278125 0.42265625 0.01171875 0.0234375
2 0.240625 0.334375 0.009375 0.021875
2 0.76953125 0.5328125 0.0140625 0.02890625
1 0.6640625 0.42109375 0.03515625 0.10625
1 0.6140625 0.3390625 0.01875 0.08046875
1 0.50546875 0.3 0.01953125 0.071875
3 0.71015625 0.36953125 0.0109375 0.0203125
2 0.6640625 0.37734375 0.01015625 0.0171875
2 0.634375 0.37890625 0.009375 0.01640625
2 0.6125 0.3703125 0.009375 0.0171875
2 0.61796875 0.41171875 0.0109375 0.0203125
2 0.20078125 0.4671875 0.0140625 0.0171875
2 0.32109375 0.32578125 0.00859375 0.0203125