1 0.4390625 0.89609375 0.10234375 0.20703125
1 0.6125 0.88046875 0.07265625 0.2390625
1 0.57890625 0.5421875 0.03984375 0.15703125
1 0.70390625 0.53359375 0.03671875 0.14375
1 0.665625 0.54296875 0.0390625 0.14453125
1 0.6828125 0.66875 0.04921875 0.1984375
1 0.7203125 0.73984375 0.0640625 0.21328125
1 0.20625 0.57421875 0.0484375 0.17734375
0 0.24296875 0.82578125 0.05625 0.3
0 0.24453125 0.4625 0.0296875 0.13671875
1 0.0859375 0.52734375 0.040625 0.153125
1 0.0484375 0.4421875 0.03671875 0.121875
1 0.0921875 0.46640625 0.0390625 0.13359375
1 0.2875 0.434375 0.03125 0.11875
1 0.63984375 0.46640625 0.02890625 0.1140625
1 0.609375 0.47734375 0.03125 0.12421875
1 0.4625 0.38515625 0.0203125 0.084375
1 0.33984375 0.41484375 0.028125 0.10390625
2 0.61015625 0.784375 0.02578125 0.04453125
2 0.7328125 0.7984375 0.0234375 0.05234375
2 0.71953125 0.653125 0.01953125 0.03828125
2 0.68515625 0.5859375 0.015625 0.03125
2 0.428125 0.83125 0.02734375 0.05390625
3 0.24140625 0.6953125 0.0203125 0.0375
2 0.26484375 0.6390625 0.01875 0.03828125
2 0.734375 0.90234375 0.0296875 0.0546875
2 0.57890625 0.47421875 0.01328125 0.0234375
2 0.6703125 0.48359375 0.0125 0.02578125
2 0.70546875 0.47265625 0.01171875 0.02109375
2 0.09375 0.41015625 0.01171875 0.021875
2 0.0203125 0.45078125 0.01171875 0.0234375
2 0.0296875 0.43125 0.0109375 0.02265625
2 0.0140625 0.42890625 0.0109375 0.02109375
2 0.640625 0.41796875 0.01015625 0.01796875
2 0.6109375 0.42578125 0.0125 0.01953125
2 0.6171875 0.39921875 0.0109375 0.01640625
2 0.0875 0.4609375 0.01171875 0.0203125
2 0.20546875 0.4375 0.0109375 0.025
2 0.2078125 0.50234375 0.0140625 0.0328125
3 0.2453125 0.40546875 0.009375 0.02265625
2 0.28984375 0.3890625 0.00859375 0.02265625