1 0.58203125 0.9140625 0.1265625 0.171875
1 0.225 0.87578125 0.1109375 0.203125
1 0.3671875 0.88671875 0.096875 0.209375
0 0.73984375 0.86015625 0.0890625 0.2796875
1 0.87109375 0.684375 0.075 0.2046875
1 0.74921875 0.57734375 0.0625 0.1703125
1 0.42421875 0.54375 0.0578125 0.1671875
1 0.38828125 0.48203125 0.046875 0.134375
1 0.3421875 0.46484375 0.0453125 0.1265625
1 0.7796875 0.5046875 0.046875 0.1375
1 0.709375 0.79921875 0.0859375 0.278125
1 0.70234375 0.44375 0.0421875 0.115625
1 0.2625 0.75546875 0.09375 0.2390625
1 0.29375 0.54140625 0.05625 0.1515625
1 0.803125 0.478125 0.046875 0.1359375
1 0.859375 0.51796875 0.0515625 0.1421875
2 0.23671875 0.80625 0.0296875 0.0546875
2 0.29453125 0.93984375 0.04375 0.0734375
2 0.38203125 0.81171875 0.0328125 0.0515625
2 0.27578125 0.65703125 0.0234375 0.0375
2 0.29609375 0.478125 0.0140625 0.0234375
2 0.60546875 0.878125 0.034375 0.0578125
2 0.72890625 0.684375 0.0234375 0.0421875
2 0.86484375 0.459375 0.0140625 0.021875
0 0.75234375 0.465625 0.040625 0.1171875
2 0.75625 0.50859375 0.015625 0.03125
1 0.871875 0.58671875 0.0578125 0.1546875
2 0.8765625 0.52265625 0.015625 0.0234375
1 0.94140625 0.57734375 0.0625 0.165625
2 0.965625 0.4953125 0.0171875 0.0265625
2 0.928125 0.48515625 0.0140625 0.0234375
2 0.9421875 0.50859375 0.015625 0.025
2 0.43203125 0.47421875 0.015625 0.0234375
1 0.6546875 0.42109375 0.0390625 0.103125
1 0.43359375 0.35078125 0.028125 0.071875
1 0.54296875 0.37890625 0.03125 0.0859375
3 0.75078125 0.74453125 0.0265625 0.04375
2 0.3453125 0.41484375 0.0140625 0.021875
2 0.390625 0.428125 0.0125 0.021875
2 0.29140625 0.46015625 0.0125 0.021875
2 0.2890625 0.5953125 0.021875 0.034375
3 0.88359375 0.6 0.01875 0.0328125
2 0.78046875 0.45078125 0.0125 0.028125
3 0.75703125 0.41953125 0.0109375 0.0234375
2 0.971875 0.46875 0.0140625 0.025
2 0.9578125 0.4484375 0.0125 0.0203125
2 0.3921875 0.396875 0.0140625 0.021875