1 0.2953125 0.8640625 0.1171875 0.2359375
1 0.11171875 0.77109375 0.1078125 0.2875
1 0.46328125 0.86328125 0.1078125 0.2734375
1 0.56484375 0.8140625 0.1046875 0.28125
1 0.26171875 0.58984375 0.0796875 0.2015625
1 0.21640625 0.49140625 0.0609375 0.159375
1 0.51796875 0.6125 0.0765625 0.209375
1 0.60390625 0.54296875 0.065625 0.171875
1 0.65390625 0.91796875 0.1421875 0.1640625
1 0.68671875 0.75 0.1046875 0.24375
1 0.6984375 0.46953125 0.0515625 0.13125
1 0.74765625 0.40625 0.040625 0.1125
1 0.78515625 0.44609375 0.04375 0.1296875
1 0.3953125 0.428125 0.040625 0.121875
1 0.9703125 0.4703125 0.04375 0.115625
2 0.578125 0.6984375 0.0265625 0.04375
2 0.3 0.77265625 0.0328125 0.05
1 0.14609375 0.65625 0.0828125 0.2109375
2 0.1234375 0.653125 0.0265625 0.0453125
2 0.2578125 0.5109375 0.0203125 0.0328125
2 0.521875 0.528125 0.0203125 0.0390625
2 0.671875 0.87578125 0.0359375 0.05625
2 0.68984375 0.66796875 0.0265625 0.046875
1 0.63125 0.3921875 0.0390625 0.103125
1 0.43984375 0.3375 0.03125 0.0859375
0 0.90390625 0.4921875 0.04375 0.1328125
2 0.14609375 0.5875 0.0203125 0.0375
2 0.3796875 0.55546875 0.021875 0.034375
1 0.34453125 0.53125 0.053125 0.109375
1 0.3484375 0.459375 0.05 0.1234375
2 0.35 0.4921875 0.0171875 0.028125
1 0.35859375 0.3796875 0.0359375 0.0953125
2 0.353125 0.41015625 0.0140625 0.0234375
2 0.36171875 0.3421875 0.0125 0.0171875
2 0.4 0.37890625 0.0125 0.0203125
2 0.25625 0.44921875 0.015625 0.0234375
3 0.21796875 0.42578125 0.0140625 0.0265625
2 0.609375 0.471875 0.0171875 0.028125
2 0.4765625 0.7515625 0.028125 0.040625
0 0.83515625 0.4671875 0.046875 0.0921875
3 0.8359375 0.43671875 0.0140625 0.028125
1 0.8828125 0.5078125 0.053125 0.1140625
2 0.88203125 0.4671875 0.0171875 0.0296875
1 0.4140625 0.40703125 0.0375 0.11875
3 0.7078125 0.54375 0.01875 0.028125
2 0.7015625 0.41796875 0.0140625 0.0265625