1 0.3703125 0.84296875 0.1015625 0.2953125
1 0.425 0.540625 0.0671875 0.1765625
1 0.49765625 0.63984375 0.0796875 0.2171875
1 0.47890625 0.89296875 0.1046875 0.2140625
1 0.659375 0.91953125 0.10625 0.1609375
1 0.81640625 0.87265625 0.1109375 0.2546875
1 0.7234375 0.67734375 0.0828125 0.2109375
1 0.79375 0.57578125 0.059375 0.1625
1 0.8953125 0.7921875 0.0984375 0.2453125
1 0.271875 0.7671875 0.1109375 0.284375
1 0.615625 0.46953125 0.0421875 0.125
1 0.08671875 0.890625 0.1328125 0.146875
1 0.15859375 0.43515625 0.05625 0.15
1 0.30078125 0.35390625 0.0359375 0.109375
1 0.346875 0.42265625 0.046875 0.1296875
1 0.40546875 0.36328125 0.034375 0.0984375
1 0.6609375 0.428125 0.0375 0.103125
1 0.6046875 0.4390625 0.0390625 0.115625
1 0.59140625 0.3671875 0.0296875 0.0875
0 0.1265625 0.3984375 0.04375 0.128125
1 0.0921875 0.36484375 0.04375 0.11875
2 0.07421875 0.8515625 0.0390625 0.0625
2 0.6734375 0.8734375 0.034375 0.059375
2 0.83046875 0.77421875 0.0265625 0.046875
2 0.9109375 0.7078125 0.021875 0.0359375
2 0.74453125 0.596875 0.01875 0.03125
2 0.509375 0.55234375 0.0203125 0.0375
2 0.38359375 0.72265625 0.028125 0.05
2 0.28671875 0.66484375 0.0265625 0.046875
3 0.28671875 0.5109375 0.0171875 0.028125
1 0.640625 0.59140625 0.0546875 0.115625
1 0.57890625 0.34921875 0.028125 0.08125
2 0.2984375 0.49296875 0.01875 0.0296875
2 0.48828125 0.8109375 0.03125 0.04375
2 0.6453125 0.55 0.0171875 0.028125
2 0.6015625 0.60546875 0.021875 0.034375
2 0.76640625 0.525 0.015625 0.0234375
3 0.80703125 0.50859375 0.0140625 0.0234375
2 0.66015625 0.465625 0.0140625 0.025
2 0.62109375 0.41953125 0.0109375 0.021875
2 0.61328125 0.390625 0.0125 0.01875
2 0.4359375 0.4703125 0.0171875 0.03125
2 0.3546875 0.37109375 0.0140625 0.025
2 0.16875 0.37734375 0.015625 0.028125
2 0.66640625 0.3875 0.0125 0.0203125
2 0.22109375 0.34375 0.0125 0.0265625
3 0.2375 0.36171875 0.0125 0.0265625
2 0.26484375 0.3328125 0.0125 0.0234375