1 0.28125 0.60546875 0.0625 0.2046875
1 0.19140625 0.55 0.05703125 0.19140625
1 0.578125 0.3609375 0.03125 0.1078125
1 0.70859375 0.43046875 0.03046875 0.12890625
1 0.684375 0.44453125 0.02578125 0.125
1 0.49921875 0.30703125 0.01875 0.08203125
1 0.13359375 0.44140625 0.0453125 0.15390625
1 0.253125 0.35078125 0.02890625 0.10390625
1 0.29765625 0.34765625 0.02578125 0.10546875
1 0.3234375 0.33984375 0.02578125 0.1046875
1 0.9605210765625 0.8477020265625 0.963358025 0.8739415546875 0.9735710359375 0.871923128125 0.97924493125 0.8396283265625 0.9883231640625001 0.8355914765625 0.9888905546875 0.8123795859375 0.981514490625 0.8022874609375 0.9832166593749999 0.75990053125 0.9860536062499999 0.7467807671875 0.9820818796875 0.720541240625 0.9905927218749999 0.718522815625 0.992294890625 0.7003569890625 0.9854862171875001 0.6599884859375 0.9730036468750001 0.656960846875 0.9730036468750001 0.62163840625 0.953712403125 0.62163840625 0.9542797921874999 0.6620069109375 0.9429320015625 0.6720990359375 0.9372581062500001 0.7023754140625 0.94066244375 0.722559665625 0.948605896875 0.720541240625 0.948605896875 0.7326517921875 0.9310168203125 0.75687289375 0.9366907156250001 0.8113703734375 0.922505978125 0.8214625 0.9287472625 0.82549935 0.9440667796875 0.8275177749999999 0.9469037281249999 0.8466928140625001 0.9525776234375 0.8466928140625001 0.9605210765625 0.8477020265625
2 0.9640625 0.6421875 0.01875 0.03828125
1 0.9474711171875001 0.721550453125 0.9400950531250001 0.722559665625 0.9372581062500001 0.7013662015625 0.9440667796875 0.6731082484375001 0.9542797921874999 0.6630161234374999 0.9542797921874999 0.6226476187500001 0.963358025 0.6226476187500001 0.9542797921874999 0.60851864375 0.9508754546875 0.573196203125 0.93385376875 0.573196203125 0.9321516000000001 0.6034725812499999 0.9247755359375001 0.6034725812499999 0.917399471875 0.6236568328125001 0.9088886281249999 0.60851864375 0.8992430062500001 0.61861076875 0.9060516812499999 0.6317305328125 0.8986756171874999 0.6771450984375 0.9060516812499999 0.683200375 0.8992430062500001 0.6922832875 0.8964060593750001 0.7326517921875 0.900945175 0.7639373828125 0.9100234078125 0.7720110828125 0.919101640625 0.7558636812499999 0.9304494312499999 0.76292816875 0.9321516000000001 0.75182683125 0.950308065625 0.7326517921875 0.9474711171875001 0.721550453125
2 0.9421875 0.59140625 0.01640625 0.034375
1 0.6880599796875 0.8181142640625 0.70007706875 0.8459943437499999 0.7047794078125 0.8459943437499999 0.7053018890625 0.8617930578124999 0.71940890625 0.8617930578124999 0.717318978125 0.8459943437499999 0.73403840625 0.8218316078125 0.73403840625 0.7354033578125 0.7314259953125 0.7075232765624999 0.74135315625 0.7075232765624999 0.7423981203125 0.6917245640624999 0.7345608890624999 0.6861485484375 0.73038103125 0.659197803125 0.720453871875 0.6368937390625 0.71940890625 0.6127310015625 0.6979871390625 0.6145896734375 0.69641969375 0.659197803125 0.67813281875 0.661056475 0.67813281875 0.674996515625 0.6901499078125 0.6815018671875 0.6807452296875 0.7056646046874999 0.6915631953125 0.7049317984375 0.6932848 0.7800114875 0.6880599796875 0.789304846875 0.69276231875 0.8106795765625 0.6880599796875 0.8181142640625
2 0.7109375 0.634375 0.01875 0.03984375
1 0.7173499359375 0.6159124234375 0.7173499359375 0.6232571015625 0.73097646875 0.62399156875 0.73221524375 0.6298673109374999 0.7260213656250001 0.6298673109374999 0.7210662640625001 0.6416187953125 0.7214791890625001 0.65190134375 0.73221524375 0.6680596359375001 0.7346927953125 0.6908281359374999 0.7404737484374999 0.69376600625 0.741712525 0.7033140875 0.7330410953125 0.7047830234375 0.7276730671875 0.7113932328125 0.7326281703124999 0.7275515234375 0.75616490625 0.7378340718749999 0.7590553828125 0.7554612984375 0.7681397375000001 0.7591336375 0.7772240921875 0.74958555625 0.7805274953125 0.7202068453125 0.7904377 0.7113932328125 0.7821791953125 0.6394153921875 0.771856065625 0.6423532625 0.7685526640625 0.63353965 0.7693785140625 0.6232571015625 0.7697914390625 0.5953473265625 0.7644234109375 0.580657971875 0.7635975609375001 0.5483413890625 0.74377715 0.5483413890625 0.743364225 0.5835958421874999 0.7289118421875 0.6093022140625 0.7218921140625 0.580657971875 0.7159887781250001 0.5759074015625 0.7148723859375 0.60122306875 0.723543815625 0.6070988109375001 0.7173499359375 0.6159124234375
2 0.75390625 0.5671875 0.0203125 0.03671875
1 0.76997796875 0.5934077578125 0.769420590625 0.608278865625 0.766076315625 0.629098415625 0.7724861749999999 0.6424824124999999 0.7780599671874999 0.6409953015625 0.7822403109375 0.6429781171875 0.7875354125 0.6940355859375 0.7961747890625 0.6910613640625 0.803142028125 0.6737117375 0.803978096875 0.6474394484375 0.8017485796875 0.647507009375 0.8050928546874999 0.6242089421875 0.8087158203125 0.62272183125 0.8098305781249999 0.6137991656249999 0.8056502343749999 0.5944667265625 0.8106666468749999 0.5954581328125 0.8095518890625 0.5672030296874999 0.8145683 0.5622459937500001 0.8137322328125001 0.552331921875 0.806486303125 0.55183621875 0.7958961 0.5300252609375 0.7958961 0.507222896875 0.7811255515625 0.5067271921875001 0.7805681734375 0.528042446875 0.76997796875 0.5528276265625001 0.7655189359375 0.5493577015625 0.7638467984374999 0.5473748859375 0.7646828671875 0.5829979828125 0.76997796875 0.5934077578125
2 0.78828125 0.52265625 0.01484375 0.03046875
1 0.4062035578125 0.4828412328125 0.40316919999999995 0.47069754843749995 0.39747978125 0.46597500468749997 0.392928246875 0.47339614531249996 0.398996959375 0.48553982968750004 0.3936868359375 0.48486518125 0.39330754218749997 0.49296096875 0.4054449671875 0.5044300046875 0.3967211921875 0.51320044375 0.3967211921875 0.54221035625 0.40127272812500003 0.5408610578124999 0.4062035578125 0.5509807953125 0.4062035578125 0.5739188656249999 0.41303085937499995 0.5793160578125 0.4149273328125 0.5860625500000001 0.4206167515625 0.6042780765625 0.427444053125 0.608325971875 0.43427135625 0.583363953125 0.44527089843749995 0.5766174625 0.44565019218749996 0.5698709703125 0.44223654218749997 0.569196321875 0.441477953125 0.5368131625 0.438822890625 0.5044300046875 0.43958147968750005 0.4801426359375 0.43692641718749997 0.47474544375 0.4373057125 0.46462570625 0.43161629375 0.46327640781249996 0.43047840937500004 0.4369650921875 0.42213392968749996 0.433591846875 0.4167872984375 0.43947034687500003 0.4137894484375 0.44573553125 0.4137894484375 0.46462570625 0.4062035578125 0.4828412328125
1 0.4096172078125 0.772173759375 0.4122722703125 0.7445131453125 0.4209960453125 0.7391159515625 0.4164445109375 0.7134792859375 0.4168238046875 0.7033595484374999 0.42023745625000003 0.699986303125 0.4194788671875 0.6790721796875 0.42592687500000004 0.65815805625 0.419099571875 0.6284734953125 0.4206167515625 0.6163298109375 0.41568592187500003 0.5798987578125 0.4054449671875 0.573826915625 0.4054449671875 0.540094459375 0.3883767125 0.54211840625 0.38799741718749997 0.5724776171875 0.37737716875 0.5859706 0.3720670453125 0.587994546875 0.35992961874999996 0.588669196875 0.3603089140625 0.5994635828125 0.3678948046875 0.6068847234375 0.36903268906250003 0.6089086703125 0.35992961874999996 0.6224016531250001 0.3618260921875 0.6338706875 0.3709291609375 0.6325213890625 0.370170571875 0.6487129687500001 0.36523974375 0.6595073546875 0.3682741 0.6831200734375 0.364101859375 0.704034196875 0.370170571875 0.7060581453125 0.369791278125 0.7148285828125001 0.36258468125 0.7303455140625 0.36675692187500003 0.73641735625 0.3675155109375 0.73574270625 0.372825634375 0.7330441109375 0.3766185796875 0.7539582328125001 0.4024106109375 0.7748723562500001 0.4096172078125 0.772173759375
2 0.39765625 0.5578125 0.0171875 0.0328125
2 0.290625 0.4875 0.0140625 0.03125
2 0.20078125 0.47890625 0.0171875 0.03125
1 0.2269780890625 0.44138974375 0.234850271875 0.4447695875 0.23892209062499997 0.4621516375 0.240007909375 0.47325683749999997 0.23647900000000002 0.47663668125 0.23647900000000002 0.482430696875 0.23892209062499997 0.502226921875 0.234850271875 0.5345768515625 0.2356646359375 0.553890240625 0.2351217265625 0.557270084375 0.2326786359375 0.5722379609375 0.2397364546875 0.5770663093749999 0.2505946390625 0.5360253546875 0.25113754843749997 0.49401873125 0.247337184375 0.48774187968750005 0.249780275 0.43800990000000006 0.2459799109375 0.43221588281249995 0.2459799109375 0.40614280625 0.2332215453125 0.404694303125 0.233493 0.430767378125 0.22724954375 0.4355957265625 0.2269780890625 0.44138974375
2 0.2390625 0.41875 0.0125 0.02578125
2 0.4203125 0.45859375 0.01328125 0.02734375
2 0.1375 0.38046875 0.01328125 0.03359375
2 0.0640625 0.4140625 0.01484375 0.03203125
1 0.069789228125 0.4147549375 0.070279621875 0.4252220515625 0.074202765625 0.42827495937500004 0.07739032031250001 0.44790079687500006 0.0756739453125 0.45051757343750004 0.07395756875000001 0.4614208171875 0.07739032031250001 0.470579540625 0.0820490546875 0.47188793125000006 0.0820490546875 0.4766853578125 0.087688575 0.47930213593750004 0.0940636859375 0.46752663281249995 0.0979868296875 0.46054855781250004 0.097741634375 0.43961433124999993 0.10166477812500001 0.4383059421875 0.10141958124999999 0.433508515625 0.0987224203125 0.431763996875 0.10141958124999999 0.4204246234375 0.1058331203125 0.40167104687500005 0.10190997500000001 0.3960013609375 0.10068399218749999 0.380736821875 0.1026455640625 0.3746310046875 0.10240036875 0.3606748546875 0.09970320625 0.35238838906250003 0.09504447187500001 0.350643871875 0.097251240625 0.34061288749999996 0.094799275 0.3292735140625 0.08621739687499999 0.3292735140625 0.0845010203125 0.3427935359375 0.0788615 0.344974184375 0.0759191421875 0.3589303359375 0.0646401015625 0.396437490625 0.0666016734375 0.39556523125 0.07224119375 0.40995751093750005 0.069789228125 0.4147549375
2 0.0828125 0.3578125 0.01328125 0.0234375
1 0.2511186828125 0.48900486406250004 0.24962099218749997 0.5396196046874999 0.2526163734375 0.540685178125 0.25561175468749997 0.5481441921875 0.258008059375 0.5476114062499999 0.264298359375 0.5348245234375 0.26579605 0.527898296875 0.2711877359375 0.5172425609375 0.2714872734375 0.5001933859375 0.26879143125 0.48847207812500004 0.269989584375 0.48261142343749996 0.2729849640625 0.46769339375 0.269989584375 0.457570446875 0.27208635000000003 0.4543737265625 0.2714872734375 0.44158684375 0.26849189375 0.42400488281250004 0.2633997453125 0.420275375 0.2636992828125 0.39043931718749997 0.25141822187499996 0.3909721046875 0.25141822187499996 0.41867701406249996 0.2481233015625 0.4218737359375 0.2462486484375 0.43054439687499996 0.2493214546875 0.43625897656249996 0.2475242265625 0.48420978281249993 0.2511186828125 0.48900486406250004
2 0.25703125 0.4046875 0.0125 0.02734375
0 0.21277780625 0.4911360109375 0.21846902968749998 0.5151114140625 0.21846902968749998 0.5262999359375 0.22056579687500003 0.5342917375 0.216072725 0.5422835375 0.2196671828125 0.5518737 0.220865334375 0.562529434375 0.2226625640625 0.6014228671875 0.2277547109375 0.6014228671875 0.229851478125 0.588635984375 0.23793900625000003 0.5875704109375001 0.23434455 0.5795786109375001 0.23644131562499998 0.5635950078125 0.23524316406249998 0.5348245234375 0.23973623593750001 0.5097835468749999 0.239436696875 0.501258959375 0.23644131562499998 0.48261142343749996 0.2370403921875 0.47675076875 0.24093438749999999 0.47675076875 0.239436696875 0.462365528125 0.2349436265625 0.4458491390625 0.229851478125 0.4431852046875 0.229551940625 0.41654586718750003 0.2166718015625 0.4170786546875 0.2163722640625 0.44211963125000003 0.2118791921875 0.44425077812499997 0.2064766 0.4612119984375 0.20888381093750003 0.4634311015625 0.20888381093750003 0.48847207812500004 0.21277780625 0.4911360109375
3 0.22265625 0.42890625 0.0140625 0.025
1 0.19168899374999998 0.3776884609375 0.191960446875 0.3839653125 0.1968466296875 0.384448146875 0.2001040859375 0.3883108234375 0.1995611765625 0.3912078328125 0.19440353906250002 0.3950705109375 0.195217903125 0.4105212234375 0.193589175 0.42210925781249997 0.1960322671875 0.4225920921875 0.1938606296875 0.4385256390625 0.196575175 0.456873359375 0.200375540625 0.45735619375000003 0.203361540625 0.44866516875 0.2117766328125 0.44431965625 0.21231954218750002 0.42307492656249995 0.22209190625000003 0.40424437187500006 0.22182045156250002 0.39362200625 0.22209190625000003 0.3863794859375 0.223720634375 0.384448146875 0.22507790781249998 0.3603064078125 0.2193773609375 0.3554780609375 0.21883445156249998 0.33471616718749997 0.20824772343750003 0.33375049687499997 0.20824772343750003 0.35113254843749997 0.1994944390625 0.3565958515625 0.1984753578125 0.36610042656249997 0.19440353906250002 0.37623995625 0.19168899374999998 0.3776884609375
2 0.21328125 0.346875 0.01015625 0.0234375
2 0.2796875 0.5171875 0.015625 0.02734375
1 0.63125 0.42578125 0.0296875 0.0828125
2 0.63203125 0.39453125 0.0109375 0.01953125
2 0.66328125 0.4109375 0.01171875 0.0203125
2 0.6859375 0.3921875 0.01015625 0.01875
2 0.6640625 0.34375 0.009375 0.01875
0 0.39453125 0.31015625 0.01796875 0.08125
1 0.37612707031250003 0.3772278953125 0.38079252812500003 0.377949496875 0.3783583765625 0.3674862671875 0.3803868359375 0.3440341984375 0.3775469921875 0.33970458593749997 0.3783583765625 0.33357096875000003 0.3814010671875 0.3324885640625 0.380995375 0.32996295781249996 0.379575453125 0.328158953125 0.3799811453125 0.3202213296875 0.37815553125 0.308675696875 0.372881534375 0.3050676859375 0.37389576406249997 0.2935220515625 0.370853075 0.2877492359375 0.3674046921875 0.2877492359375 0.36375346406250003 0.292078846875 0.36415915625 0.3021812765625 0.36415915625 0.30434608281250003 0.3625363875 0.3072324921875 0.35908800625000004 0.3223861359375 0.35361116406250004 0.32491174375 0.35604531562499997 0.3306845609375 0.35604531562499997 0.3328493671875 0.36030508125 0.33429257031250004 0.361116465625 0.3382613828125 0.3564510078125 0.3429517953125 0.35908800625000004 0.371094278125 0.3564510078125 0.3743414875 0.361116465625 0.3772278953125 0.362739234375 0.3804751046875 0.36389214375 0.39194150625 0.3716644578125 0.38733032500000003 0.37207015 0.38083590625 0.375112840625 0.38083590625 0.37612707031250003 0.3772278953125
1 0.36152215781249997 0.33828596875 0.35969654375000004 0.33359555625000004 0.3564510078125 0.33359555625000004 0.3556396234375 0.32998754531249996 0.35178555 0.32493633125 0.35908800625000004 0.3234931265625 0.360507928125 0.3108650890625 0.35847946875000003 0.3065354765625 0.3570595453125 0.29102103125 0.35219124218750003 0.29066023125 0.3469172453125 0.2946290421875 0.3448887859375 0.3029274671875 0.34164325 0.3148339015625 0.3410347109375 0.319885115625 0.339209096875 0.319885115625 0.3367749453125 0.32746193749999997 0.340831865625 0.33034834687500003 0.34002048125 0.33576036249999996 0.340831865625 0.35993403281249997 0.3398176359375 0.364624446875 0.343671709375 0.377613284375 0.343671709375 0.3848293046875 0.3473229375 0.3848293046875 0.34813432187500004 0.3772524828125 0.3497570890625 0.37689168125 0.35016278125 0.3833861015625 0.35361116406250004 0.38410770312500003 0.35361116406250004 0.3779740859375 0.35604531562499997 0.3761700796875 0.3594936984375 0.3707580640625 0.3566538546875 0.343337184375 0.36152215781249997 0.33828596875
2 0.0453125 0.3984375 0.01328125 0.03046875
2 0.23203125 0.38125 0.01171875 0.02421875
2 0.6125 0.4421875 0.0125 0.0234375
3 0.709375 0.378125 0.01171875 0.02265625