1 0.52265625 0.8578125 0.1265625 0.284375
1 0.56015625 0.5609375 0.08125 0.178125
1 0.4609375 0.634375 0.096875 0.21875
1 0.40390625 0.88359375 0.121875 0.221875
1 0.22109375 0.865625 0.1203125 0.1890625
1 0.08203125 0.7828125 0.134375 0.296875
1 0.234375 0.6046875 0.0984375 0.2140625
1 0.196875 0.48671875 0.0734375 0.1640625
1 0.04765625 0.66328125 0.0953125 0.2484375
1 0.640625 0.82265625 0.134375 0.2875
1 0.3984375 0.4375 0.0515625 0.1265625
1 0.78046875 0.9578125 0.1421875 0.084375
1 0.8453125 0.5375 0.0671875 0.1515625
1 0.7328125 0.41875 0.04375 0.1109375
1 0.66875 0.47109375 0.0578125 0.13125
1 0.63046875 0.396875 0.0421875 0.1
1 0.3671875 0.384375 0.0453125 0.1046875
1 0.41796875 0.4109375 0.0484375 0.1171875
1 0.45078125 0.34609375 0.0375 0.0890625
0 0.88671875 0.5125 0.0546875 0.1296875
1 0.9296875 0.48984375 0.053125 0.1203125
2 0.8046875 0.9609375 0.04375 0.0640625
2 0.225 0.80625 0.0390625 0.0609375
2 0.10390625 0.665625 0.03125 0.0484375
2 0.04609375 0.57890625 0.0234375 0.0359375
2 0.23828125 0.521875 0.021875 0.0328125
2 0.47578125 0.546875 0.0234375 0.0390625
2 0.54609375 0.746875 0.0328125 0.0515625
2 0.65546875 0.71953125 0.0296875 0.0484375
3 0.70078125 0.57265625 0.01875 0.028125
1 0.3390625 0.546875 0.0640625 0.1171875
1 0.46875 0.3328125 0.034375 0.08125
2 0.6953125 0.55234375 0.0203125 0.03125
2 0.4203125 0.80078125 0.034375 0.0453125
2 0.34609375 0.50546875 0.0203125 0.0296875
2 0.37265625 0.57109375 0.025 0.034375
2 0.23828125 0.44609375 0.01875 0.025
3 0.20390625 0.41875 0.0171875 0.025
2 0.35703125 0.4203125 0.015625 0.025
2 0.4078125 0.3875 0.0125 0.021875
2 0.4234375 0.3625 0.0140625 0.0203125
2 0.5703125 0.490625 0.0203125 0.0328125
2 0.6765625 0.41875 0.015625 0.025
2 0.85234375 0.4796875 0.0171875 0.0296875
2 0.3734375 0.34296875 0.0140625 0.0203125
2 0.8125 0.43203125 0.0140625 0.0265625
3 0.79140625 0.44453125 0.0140625 0.0265625
2 0.77421875 0.409375 0.0140625 0.0234375