1 0.57578125 0.8578125 0.1046875 0.284375
1 0.94921875 0.85234375 0.0734375 0.2796875
1 0.90703125 0.7625 0.096875 0.2375
1 0.784375 0.721875 0.0796875 0.234375
1 0.51171875 0.78046875 0.090625 0.2796875
1 0.3734375 0.71640625 0.08125 0.253125
1 0.23671875 0.6109375 0.0796875 0.21875
1 0.25546875 0.4015625 0.05 0.1375
1 0.1109375 0.4296875 0.0515625 0.1609375
1 0.1796875 0.44765625 0.053125 0.1546875
1 0.34296875 0.65 0.0703125 0.225
1 0.35703125 0.5125 0.0578125 0.159375
1 0.690625 0.54765625 0.0578125 0.16875
1 0.7359375 0.49296875 0.0421875 0.1421875
1 0.60234375 0.3953125 0.0375 0.1140625
1 0.321875 0.37109375 0.0390625 0.1125
1 0.2859375 0.51796875 0.046875 0.1828125
1 0.14296875 0.4078125 0.040625 0.14375
1 0.64296875 0.49296875 0.04375 0.090625
1 0.6609375 0.43828125 0.040625 0.1171875
2 0.5265625 0.66328125 0.0234375 0.0421875
2 0.5765625 0.74375 0.028125 0.05
2 0.79609375 0.625 0.0203125 0.0375
2 0.975 0.73671875 0.021875 0.04375
2 0.9171875 0.66796875 0.0234375 0.0421875
2 0.2453125 0.53046875 0.021875 0.0375
2 0.353125 0.55859375 0.0203125 0.0375
2 0.365625 0.44921875 0.015625 0.03125
2 0.2890625 0.4421875 0.015625 0.03125
3 0.73984375 0.43515625 0.015625 0.025
2 0.70078125 0.48359375 0.015625 0.0265625
2 0.6453125 0.46015625 0.0140625 0.0234375
2 0.71640625 0.4515625 0.0125 0.021875
2 0.6109375 0.50859375 0.0171875 0.028125
2 0.66484375 0.390625 0.0109375 0.01875
2 0.1140625 0.36640625 0.015625 0.0328125
2 0.15 0.35078125 0.0140625 0.028125
2 0.19140625 0.38671875 0.0140625 0.0296875
2 0.259375 0.34921875 0.0140625 0.0296875
1 0.2828125 0.32890625 0.034375 0.0984375
1 0.5109375 0.30234375 0.021875 0.0734375
1 0.58828125 0.3171875 0.025 0.0765625
2 0.384375 0.6078125 0.021875 0.03125
2 0.60703125 0.34765625 0.0109375 0.0171875