1 0.52109375 0.83671875 0.08671875 0.23046875
1 0.80234375 0.88203125 0.08515625 0.2359375
1 0.63125 0.8171875 0.065625 0.265625
1 0.82578125 0.73203125 0.071875 0.23125
1 0.70703125 0.84609375 0.075 0.29375
1 0.66484375 0.596875 0.04140625 0.1703125
1 0.67890625 0.49609375 0.0328125 0.13515625
1 0.93515625 0.69453125 0.059375 0.20234375
1 0.70859375 0.66328125 0.05703125 0.18671875
1 0.59140625 0.50703125 0.0359375 0.146875
1 0.61953125 0.49140625 0.03203125 0.128125
1 0.08671875 0.61171875 0.0515625 0.20078125
1 0.121875 0.5171875 0.03984375 0.15703125
1 0.16796875 0.47265625 0.04140625 0.1453125
1 0.25 0.44765625 0.03515625 0.12890625
1 0.3 0.42265625 0.02890625 0.11171875
0 0.2046875 0.48125 0.03515625 0.15
0 0.265625 0.76484375 0.05625 0.27578125
1 0.96640625 0.66015625 0.0328125 0.1984375
2 0.8328125 0.6359375 0.01953125 0.03828125
2 0.6296875 0.7046875 0.0234375 0.04140625
2 0.709375 0.58828125 0.0171875 0.0359375
2 0.51796875 0.75703125 0.02578125 0.0484375
2 0.2796875 0.59453125 0.0171875 0.03671875
2 0.0890625 0.52890625 0.015625 0.03671875
2 0.70859375 0.721875 0.02109375 0.04296875
2 0.8125 0.7984375 0.02890625 0.05078125
2 0.9484375 0.61484375 0.01640625 0.03203125
2 0.665625 0.52578125 0.01484375 0.02734375
3 0.2625 0.64609375 0.0203125 0.0359375
2 0.6828125 0.43984375 0.0109375 0.021875
2 0.62265625 0.43828125 0.0109375 0.02109375
2 0.590625 0.4453125 0.01171875 0.02265625
2 0.9703125 0.5765625 0.015625 0.028125
2 0.9578125 0.57734375 0.0125 0.02890625
3 0.20703125 0.41953125 0.01015625 0.02421875
2 0.25078125 0.39765625 0.01015625 0.02578125
2 0.12734375 0.45546875 0.01328125 0.02890625
2 0.1671875 0.421875 0.0125 0.02890625
1 0.44375 0.39375 0.02578125 0.09296875
1 0.37265625 0.39765625 0.028125 0.09453125
2 0.02109375 0.41875 0.0125 0.0203125
2 0.59765625 0.39453125 0.00859375 0.01796875