1 0.65859375 0.8859375 0.090625 0.22734375
1 0.85234375 0.81640625 0.075 0.2796875
1 0.49140625 0.86640625 0.0765625 0.2671875
1 0.39765625 0.80390625 0.07109375 0.27421875
1 0.72578125 0.61796875 0.05703125 0.1953125
1 0.7828125 0.52578125 0.0421875 0.15546875
1 0.46875 0.609375 0.0515625 0.2046875
1 0.39140625 0.5296875 0.04609375 0.1671875
1 0.29375 0.9109375 0.121875 0.178125
1 0.284375 0.72578125 0.07578125 0.2359375
1 0.30703125 0.4453125 0.0359375 0.128125
1 0.265625 0.3765625 0.028125 0.11015625
1 0.2234375 0.41171875 0.028125 0.1265625
1 0.6125 0.44140625 0.02578125 0.11953125
1 0.03671875 0.41328125 0.0296875 0.1125
2 0.3984375 0.6875 0.02109375 0.0421875
2 0.665625 0.7953125 0.0265625 0.046875
1 0.83203125 0.6984375 0.05859375 0.20546875
2 0.85546875 0.69765625 0.021875 0.0421875
2 0.7390625 0.540625 0.01640625 0.03046875
2 0.475 0.525 0.015625 0.03671875
2 0.28359375 0.85234375 0.02890625 0.05390625
2 0.29140625 0.64375 0.021875 0.04453125
1 0.3828125 0.37734375 0.02734375 0.1
1 0.5796875 0.34609375 0.02109375 0.08359375
0 0.1 0.44296875 0.02890625 0.1296875
2 0.840625 0.6296875 0.01640625 0.03515625
2 0.6125 0.56953125 0.01796875 0.03203125
1 0.65078125 0.55 0.04140625 0.1046875
1 0.65546875 0.478125 0.0359375 0.1203125
2 0.65 0.5109375 0.0140625 0.0265625
1 0.6546875 0.39765625 0.025 0.09296875
2 0.65703125 0.42890625 0.01171875 0.021875
2 0.65625 0.36015625 0.01015625 0.01640625
2 0.6140625 0.3921875 0.01015625 0.01953125
2 0.7484375 0.4796875 0.0125 0.021875
3 0.7890625 0.4609375 0.0109375 0.025
2 0.39453125 0.45859375 0.0140625 0.0265625
2 0.49296875 0.75234375 0.02421875 0.03828125
0 0.17109375 0.4265625 0.03671875 0.08828125
3 0.17421875 0.39609375 0.0109375 0.0265625
1 0.11875 0.4609375 0.040625 0.109375
2 0.125 0.42109375 0.01328125 0.02890625
1 0.596875 0.41796875 0.02421875 0.11640625
3 0.28828125 0.51796875 0.015625 0.02578125
2 0.31015625 0.39375 0.0109375 0.025