1 0.60703125 0.584375 0.08125 0.1921875
1 0.92421875 0.640625 0.084375 0.225
1 0.97265625 0.8484375 0.0546875 0.19375
1 0.734375 0.62734375 0.08125 0.2125
1 0.775 0.57890625 0.0765625 0.190625
1 0.69453125 0.3953125 0.0515625 0.1234375
1 0.5453125 0.35625 0.0421875 0.10625
1 0.084375 0.48359375 0.0546875 0.1359375
1 0.1421875 0.55546875 0.075 0.1765625
1 0.20625 0.5828125 0.0703125 0.18125
1 0.2796875 0.5 0.0640625 0.153125
1 0.2640625 0.60703125 0.078125 0.2015625
1 0.22578125 0.4125 0.0453125 0.1171875
1 0.25546875 0.40234375 0.04375 0.1140625
1 0.30703125 0.39609375 0.04375 0.11875
1 0.4609375 0.33984375 0.0328125 0.09375
1 0.62421875 0.31875 0.03125 0.0859375
2 0.72421875 0.5421875 0.0203125 0.0375
2 0.9203125 0.5484375 0.0203125 0.0390625
2 0.303125 0.98046875 0.046875 0.0390625
2 0.25546875 0.5234375 0.01875 0.03125
2 0.22578125 0.48359375 0.015625 0.0265625
2 0.59921875 0.50703125 0.01875 0.0328125
2 0.76015625 0.4421875 0.015625 0.0265625
2 0.1421875 0.49296875 0.01875 0.0296875
2 0.15234375 0.42421875 0.015625 0.025
2 0.08359375 0.43125 0.015625 0.0296875
3 0.17109375 0.44921875 0.015625 0.0234375
2 0.2703125 0.45 0.0140625 0.025
2 0.22265625 0.3671875 0.0125 0.0234375
2 0.771875 0.5 0.0171875 0.0296875
1 0.653125 0.4015625 0.0484375 0.109375
1 0.59375 0.3265625 0.028125 0.0828125
1 0.48125 0.30078125 0.028125 0.0734375
3 0.69296875 0.34453125 0.0140625 0.021875
2 0.64765625 0.35859375 0.0125 0.01875
2 0.61875 0.36328125 0.0109375 0.0171875
2 0.59609375 0.3578125 0.0109375 0.01875
2 0.60625 0.39765625 0.0140625 0.021875
2 0.19921875 0.50390625 0.015625 0.01875
2 0.3015625 0.34921875 0.0109375 0.021875