1 0.54375 0.834375 0.1296875 0.2421875
1 0.275 0.90390625 0.128125 0.1921875
1 0.43203125 0.83671875 0.115625 0.2734375
1 0.22421875 0.78984375 0.1140625 0.240625
1 0.36171875 0.86328125 0.1296875 0.2734375
1 0.35703125 0.6265625 0.0734375 0.175
1 0.3234375 0.53046875 0.0578125 0.1390625
1 0.11015625 0.77421875 0.096875 0.209375
1 0.3265625 0.7 0.0921875 0.19375
1 0.41171875 0.52421875 0.0640625 0.1515625
1 0.38125 0.5140625 0.05625 0.13125
1 0.92734375 0.53046875 0.0890625 0.20625
1 0.87421875 0.44453125 0.06875 0.1625
1 0.82109375 0.41015625 0.06875 0.15
1 0.73515625 0.40078125 0.059375 0.1328125
1 0.68125 0.3859375 0.05 0.115625
0 0.7859375 0.425 0.0625 0.1546875
0 0.78046875 0.715625 0.1078125 0.28125
1 0.07265625 0.74609375 0.0703125 0.2015625
2 0.19921875 0.696875 0.0265625 0.040625
2 0.41171875 0.72578125 0.03125 0.0453125
2 0.3109375 0.6265625 0.0234375 0.0390625
2 0.53125 0.75546875 0.034375 0.053125
2 0.734375 0.55078125 0.0234375 0.0390625
2 0.90859375 0.45 0.021875 0.0390625
2 0.3375 0.7578125 0.028125 0.046875
2 0.25 0.85234375 0.0375 0.0546875
2 0.08203125 0.6984375 0.021875 0.034375
2 0.3421875 0.55703125 0.0203125 0.0296875
3 0.7609375 0.5984375 0.0265625 0.0390625
2 0.309375 0.47578125 0.015625 0.0234375
2 0.36796875 0.4625 0.0140625 0.0234375
2 0.40078125 0.46328125 0.015625 0.025
2 0.053125 0.66484375 0.0203125 0.03125
2 0.065625 0.66328125 0.0171875 0.03125
3 0.771875 0.36484375 0.0140625 0.025
2 0.725 0.35234375 0.015625 0.0265625
2 0.85703125 0.38515625 0.01875 0.03125
2 0.81171875 0.36015625 0.0171875 0.03125
1 0.53515625 0.38515625 0.04375 0.096875
1 0.60546875 0.375 0.0453125 0.0984375
2 0.9546875 0.32890625 0.015625 0.021875
2 0.384375 0.41484375 0.0125 0.01875