1 0.8125 0.79453125 0.075 0.25859375
1 0.62734375 0.540625 0.03125 0.14375
1 0.6625 0.609375 0.04765625 0.18046875
1 0.09296875 0.49921875 0.03515625 0.13984375
1 0.1671875 0.49765625 0.03984375 0.14453125
1 0.23203125 0.4671875 0.034375 0.12890625
0 0.2765625 0.7125 0.04453125 0.246875
1 0.26640625 0.434375 0.0265625 0.12109375
1 0.8296875 0.6453125 0.05 0.17578125
1 0.5796875 0.6328125 0.05625 0.17890625
1 0.646875 0.475 0.028125 0.1203125
1 0.58984375 0.484375 0.0328125 0.128125
1 0.36484375 0.40625 0.0296875 0.10234375
1 0.40390625 0.4375 0.025 0.11015625
1 0.3046875 0.41796875 0.025 0.10859375
1 0.34140625 0.390625 0.0234375 0.096875
1 0.5640625 0.40390625 0.025 0.08828125
2 0.390625 0.95859375 0.03125 0.0625
2 0.31328125 0.87578125 0.0296875 0.05859375
2 0.284375 0.57421875 0.01640625 0.03046875
2 0.8 0.93203125 0.03046875 0.06015625
2 0.63125 0.65703125 0.01875 0.040625
2 0.6625 0.5328125 0.0140625 0.02890625
2 0.5859375 0.56015625 0.015625 0.0328125
3 0.278125 0.60546875 0.0171875 0.0328125
2 0.8171875 0.690625 0.02109375 0.0375
2 0.8390625 0.5734375 0.015625 0.025
2 0.58671875 0.69296875 0.02265625 0.040625
1 0.6484375 0.425 0.01015625 0.01875
2 0.59375 0.4296875 0.01015625 0.01796875
2 0.0921875 0.44375 0.01171875 0.025
2 0.16796875 0.43984375 0.01171875 0.0296875
2 0.40390625 0.39296875 0.009375 0.021875
3 0.325 0.396875 0.00859375 0.021875