1 0.45625 0.834375 0.1296875 0.2421875
1 0.7234375 0.90390625 0.128125 0.1921875
1 0.56796875 0.83671875 0.115625 0.2734375
1 0.77578125 0.78984375 0.1140625 0.240625
1 0.63671875 0.86328125 0.1296875 0.2734375
1 0.64296875 0.6265625 0.0734375 0.175
1 0.6765625 0.53046875 0.0578125 0.1390625
1 0.88984375 0.77421875 0.096875 0.209375
1 0.6734375 0.7 0.0921875 0.19375
1 0.58828125 0.52421875 0.0640625 0.1515625
1 0.61875 0.5140625 0.05625 0.13125
1 0.07265625 0.53046875 0.0890625 0.20625
1 0.12578125 0.44453125 0.06875 0.1625
1 0.17890625 0.41015625 0.06875 0.15
1 0.26484375 0.40078125 0.059375 0.1328125
1 0.31875 0.3859375 0.05 0.115625
0 0.2140625 0.425 0.0625 0.1546875
0 0.21953125 0.715625 0.1078125 0.28125
1 0.92734375 0.74609375 0.0703125 0.2015625
2 0.80078125 0.696875 0.0265625 0.040625
2 0.58828125 0.72578125 0.03125 0.0453125
2 0.6890625 0.6265625 0.0234375 0.0390625
2 0.46875 0.75546875 0.034375 0.053125
2 0.265625 0.55078125 0.0234375 0.0390625
2 0.09140625 0.45 0.021875 0.0390625
2 0.6625 0.7578125 0.028125 0.046875
2 0.75 0.85234375 0.0375 0.0546875
2 0.91796875 0.6984375 0.021875 0.034375
2 0.6578125 0.55703125 0.0203125 0.0296875
3 0.2390625 0.5984375 0.0265625 0.0390625
2 0.690625 0.47578125 0.015625 0.0234375
2 0.63203125 0.4625 0.0140625 0.0234375
2 0.59921875 0.46328125 0.015625 0.025
2 0.946875 0.66484375 0.0203125 0.03125
2 0.934375 0.66328125 0.0171875 0.03125
3 0.228125 0.36484375 0.0140625 0.025
2 0.275 0.35234375 0.015625 0.0265625
2 0.14296875 0.38515625 0.01875 0.03125
2 0.18828125 0.36015625 0.0171875 0.03125
1 0.46484375 0.38515625 0.04375 0.096875
1 0.39453125 0.375 0.0453125 0.0984375
2 0.0453125 0.32890625 0.015625 0.021875
2 0.615625 0.41484375 0.0125 0.01875