1 0.4515625 0.60234375 0.0953125 0.1953125
1 0.5796875 0.89296875 0.14375 0.2140625
1 0.4828125 0.921875 0.121875 0.15625
2 0.49765625 0.88359375 0.040625 0.059375
2 0.6 0.83828125 0.0375 0.0578125
1 0.078125 0.82421875 0.13125 0.184375
2 0.09375 0.76875 0.040625 0.0578125
1 0.17890625 0.53359375 0.084375 0.1625
1 0.159375 0.6671875 0.1234375 0.246875
2 0.1765625 0.575 0.0265625 0.040625
1 0.33359375 0.52734375 0.0765625 0.1578125
2 0.33515625 0.56328125 0.0234375 0.034375
1 0.37421875 0.62265625 0.0796875 0.1015625
2 0.3765625 0.5953125 0.025 0.0390625
1 0.36875 0.42109375 0.05625 0.11875
1 0.38359375 0.48125 0.0625 0.1390625
1 0.41953125 0.44921875 0.0609375 0.134375
1 0.153125 0.51171875 0.0734375 0.175
1 0.7890625 0.540625 0.0671875 0.1375
1 0.8546875 0.59140625 0.078125 0.1578125
1 0.621875 0.46875 0.0546875 0.11875
1 0.69921875 0.43359375 0.046875 0.1
1 0.66484375 0.4453125 0.053125 0.109375
1 0.76015625 0.496875 0.0609375 0.13125
1 0.471875 0.3734375 0.040625 0.0875
0 0.671875 0.73203125 0.10625 0.2421875
3 0.6921875 0.63125 0.0234375 0.034375
2 0.34765625 0.465625 0.01875 0.028125
2 0.46640625 0.52578125 0.021875 0.0328125
2 0.34375 0.94140625 0.04375 0.059375
2 0.11171875 0.90390625 0.0390625 0.0359375
1 0.9328125 0.60625 0.071875 0.1390625
2 0.94453125 0.55703125 0.01875 0.03125
2 0.6921875 0.603125 0.021875 0.028125
2 0.86796875 0.53359375 0.01875 0.0328125
2 0.85859375 0.528125 0.015625 0.0265625
2 0.18515625 0.4734375 0.01875 0.0296875
3 0.1671875 0.4421875 0.021875 0.028125
2 0.378125 0.375 0.015625 0.0203125
2 0.39453125 0.4265625 0.0171875 0.025
2 0.63359375 0.421875 0.015625 0.0234375
2 0.7375 0.4265625 0.0140625 0.0234375
1 0.4484375 0.3828125 0.0453125 0.09375
1 0.6140625 0.4109375 0.04375 0.09375
2 0.79921875 0.48828125 0.0171875 0.0265625
3 0.72109375 0.44609375 0.0140625 0.0234375