1 0.09765625 0.7375 0.0796875 0.2296875
1 0.2953125 0.6921875 0.078125 0.225
1 0.365625 0.61875 0.0765625 0.1984375
1 0.2015625 0.65 0.0796875 0.1984375
1 0.23125 0.5796875 0.0640625 0.1796875
1 0.28984375 0.4328125 0.046875 0.1234375
1 0.32109375 0.4359375 0.0421875 0.1125
1 0.41796875 0.36015625 0.0390625 0.10625
1 0.7078125 0.5734375 0.078125 0.209375
1 0.6703125 0.46640625 0.05625 0.159375
1 0.77890625 0.5296875 0.0609375 0.190625
1 0.8578125 0.3796875 0.053125 0.134375
1 0.8375 0.48515625 0.0703125 0.1796875
1 0.73984375 0.33984375 0.040625 0.1140625
1 0.7046875 0.33828125 0.0375 0.1125
1 0.66328125 0.33828125 0.040625 0.1140625
1 0.63125 0.33671875 0.0328125 0.109375
1 0.359375 0.35234375 0.028125 0.0890625
1 0.49140625 0.3171875 0.028125 0.0890625
2 0.69765625 0.48828125 0.01875 0.03125
2 0.28828125 0.6 0.0203125 0.0375
2 0.0828125 0.64375 0.0234375 0.0390625
2 0.22265625 0.50625 0.015625 0.0296875
2 0.74765625 0.43046875 0.015625 0.028125
2 0.190625 0.56875 0.01875 0.03125
2 0.35390625 0.5390625 0.0203125 0.0328125
2 0.825 0.42265625 0.01875 0.0296875
2 0.6671875 0.41171875 0.0140625 0.0234375
2 0.8484375 0.32734375 0.0125 0.0265625
2 0.7828125 0.37265625 0.0140625 0.0234375
3 0.7953125 0.38125 0.0125 0.0234375
2 0.78984375 0.35546875 0.0140625 0.025
2 0.7953125 0.33671875 0.0125 0.025
2 0.73359375 0.29609375 0.0109375 0.0234375
3 0.28046875 0.38203125 0.0125 0.0203125
2 0.34453125 0.3953125 0.0125 0.0203125
2 0.41171875 0.31640625 0.009375 0.015625
2 0.31640625 0.38984375 0.009375 0.0171875
2 0.9234375 0.36484375 0.015625 0.0328125
2 0.94765625 0.3171875 0.0125 0.025
2 0.69921875 0.29375 0.0109375 0.021875
2 0.65703125 0.29375 0.009375 0.021875
1 0.60859375 0.3046875 0.0265625 0.0828125
1 0.47421875 0.28515625 0.025 0.071875
1 0.33359375 0.34375 0.028125 0.0875