1 0.54921875 0.8734375 0.0921875 0.253125
1 0.72734375 0.821875 0.0640625 0.26796875
1 0.546875 0.59140625 0.046875 0.18671875
1 0.3546875 0.79140625 0.12890625 0.27109375
1 0.2109375 0.8453125 0.0859375 0.30859375
1 0.828125 0.63203125 0.05078125 0.18203125
1 0.72734375 0.57890625 0.03984375 0.16875
1 0.6265625 0.55234375 0.04140625 0.15625
1 0.315625 0.49375 0.040625 0.14375
1 0.16171875 0.5984375 0.05234375 0.1890625
1 0.09375 0.45703125 0.03203125 0.1203125
1 0.121875 0.55625 0.04609375 0.16796875
1 0.0609375 0.47265625 0.0390625 0.13671875
1 0.25703125 0.746875 0.06015625 0.24453125
1 0.2546875 0.521875 0.0421875 0.15078125
1 0.7609375 0.55234375 0.03671875 0.1484375
1 0.309375 0.39296875 0.02421875 0.09375
1 0.34921875 0.39453125 0.0265625 0.1015625
1 0.2 0.4703125 0.034375 0.1328125
0 0.1078125 0.88203125 0.0765625 0.2359375
3 0.1 0.7890625 0.0265625 0.05
2 0.34765625 0.95078125 0.0328125 0.05859375
2 0.63515625 0.96953125 0.03359375 0.0609375
2 0.5453125 0.775 0.02578125 0.053125
2 0.72578125 0.70859375 0.02265625 0.03984375
2 0.73046875 0.50703125 0.0140625 0.025
2 0.3578125 0.6796875 0.02421875 0.04921875
2 0.20703125 0.71484375 0.02265625 0.04609375
0 0.284375 0.384375 0.0234375 0.09375
1 0.259375 0.4234375 0.02890625 0.10234375
2 0.83203125 0.55625 0.015625 0.03125
3 0.25625 0.64140625 0.01796875 0.034375
2 0.16875 0.51875 0.01484375 0.03046875
2 0.12578125 0.4859375 0.01328125 0.028125
2 0.26875 0.56484375 0.015625 0.028125
2 0.5453125 0.5125 0.015625 0.02734375
2 0.6296875 0.4890625 0.0125 0.02578125
2 0.16796875 0.46171875 0.01171875 0.025
2 0.15390625 0.46171875 0.0125 0.025
2 0.146875 0.44453125 0.01171875 0.025
2 0.3171875 0.4359375 0.0109375 0.0265625
1 0.58828125 0.36875 0.021875 0.07578125
1 0.575 0.3453125 0.01640625 0.06953125
1 0.5578125 0.32734375 0.01953125 0.0671875
1 0.38515625 0.37890625 0.02421875 0.0921875
1 0.48203125 0.34296875 0.0203125 0.06484375
2 0.7609375 0.48984375 0.01328125 0.0234375
2 0.628125 0.43828125 0.01171875 0.02421875
2 0.221875 0.728125 0.0109375 0.04453125
1 0.21484375 0.4171875 0.03046875 0.11953125
2 0.25859375 0.45859375 0.0140625 0.0234375
2 0.0953125 0.40859375 0.01015625 0.0234375
2 0.0625 0.4171875 0.01171875 0.0265625
2 0.1703125 0.4265625 0.0109375 0.0203125