1 0.5640625 0.55859375 0.0421875 0.16953125
1 0.61953125 0.51015625 0.03671875 0.13828125
1 0.68828125 0.5 0.03515625 0.12890625
1 0.7421875 0.58125 0.046875 0.16171875
1 0.084375 0.7578125 0.16171875 0.25703125
1 0.0890625 0.54765625 0.0453125 0.1703125
1 0.2734375 0.52734375 0.040625 0.1578125
1 0.1625 0.67265625 0.053125 0.215625
1 0.2375 0.459375 0.0328125 0.12890625
1 0.178125 0.49296875 0.03984375 0.14453125
1 0.68359375 0.83359375 0.07734375 0.28984375
1 0.71640625 0.7328125 0.053125 0.2171875
1 0.209375 0.43359375 0.03203125 0.1296875
0 0.203125 0.85625 0.065625 0.2875
1 0.715625 0.54921875 0.0359375 0.1484375
1 0.7234375 0.91875 0.096875 0.1625
1 0.55625 0.91640625 0.08515625 0.16640625
2 0.54296875 0.859375 0.0296875 0.05234375
2 0.7171875 0.86953125 0.02890625 0.06328125
2 0.678125 0.71171875 0.02265625 0.046875
2 0.71484375 0.64296875 0.0203125 0.0390625
2 0.2515625 0.8984375 0.0375 0.05859375
2 0.2734375 0.890625 0.0296875 0.06484375
1 0.246875 0.78671875 0.0671875 0.26484375
2 0.24140625 0.67578125 0.02109375 0.04140625
2 0.0890625 0.653125 0.0234375 0.0484375
2 0.2734375 0.4640625 0.01171875 0.03125
2 0.74453125 0.51484375 0.01328125 0.028125
2 0.56328125 0.48671875 0.0140625 0.025
3 0.2 0.7359375 0.021875 0.04375
3 0.16015625 0.58046875 0.01328125 0.03046875
2 0.16484375 0.50546875 0.01484375 0.025
2 0.0953125 0.47578125 0.01328125 0.02578125
2 0.1125 0.4453125 0.0125 0.021875
2 0.09765625 0.4453125 0.01171875 0.02265625
2 0.07890625 0.4265625 0.0125 0.02265625
2 0.71796875 0.48671875 0.0125 0.02265625
2 0.690625 0.44609375 0.0109375 0.0203125
1 0.62734375 0.40703125 0.02421875 0.09375
2 0.6203125 0.4125 0.01171875 0.0203125
2 0.62109375 0.453125 0.01328125 0.02265625
2 0.209375 0.3890625 0.009375 0.02578125
2 0.18125 0.43125 0.0125 0.021875
1 0.321875 0.4109375 0.0296875 0.1109375
1 0.36484375 0.39453125 0.02734375 0.096875
1 0.58359375 0.35078125 0.025 0.0875
2 0.09453125 0.4078125 0.0109375 0.0203125
2 0.23984375 0.4078125 0.0109375 0.025
2 0.6296875 0.36796875 0.00703125 0.01640625