1 0.40703125 0.8546875 0.071875 0.28984375
1 0.4296875 0.5484375 0.04921875 0.17265625
1 0.5125 0.6390625 0.0578125 0.21171875
1 0.52109375 0.89453125 0.08359375 0.21015625
1 0.70390625 0.9125 0.0890625 0.175
1 0.85625 0.85703125 0.08125 0.2859375
1 0.740625 0.653125 0.0609375 0.20625
1 0.8 0.54453125 0.04375 0.15859375
1 0.9234375 0.74921875 0.07421875 0.23828125
1 0.30078125 0.78984375 0.0828125 0.27734375
1 0.61171875 0.4578125 0.02890625 0.12265625
1 0.1296875 0.93203125 0.11875 0.1359375
1 0.15390625 0.47109375 0.040625 0.14609375
1 0.28671875 0.37578125 0.02421875 0.1078125
1 0.33984375 0.4390625 0.034375 0.12734375
1 0.39140625 0.37421875 0.02421875 0.096875
1 0.65234375 0.41171875 0.0265625 0.1015625
1 0.59765625 0.428125 0.0265625 0.1140625
1 0.57734375 0.35859375 0.02109375 0.0859375
0 0.11796875 0.43828125 0.03046875 0.12578125
1 0.08046875 0.4078125 0.03203125 0.11640625
2 0.11328125 0.89453125 0.03359375 0.05859375
2 0.71171875 0.853125 0.02890625 0.05625
2 0.85703125 0.73828125 0.02265625 0.0453125
2 0.93046875 0.6640625 0.01796875 0.03359375
2 0.753125 0.57109375 0.01640625 0.03046875
2 0.51484375 0.55078125 0.01640625 0.0359375
2 0.4078125 0.73359375 0.0234375 0.0484375
2 0.30546875 0.6859375 0.021875 0.04453125
3 0.2890625 0.5328125 0.0140625 0.0265625
1 0.64921875 0.5765625 0.04375 0.1109375
1 0.5625 0.3421875 0.01953125 0.07890625
2 0.2984375 0.5140625 0.015625 0.02890625
2 0.52109375 0.81015625 0.0265625 0.04140625
2 0.65 0.534375 0.01484375 0.02734375
2 0.61171875 0.59453125 0.01875 0.03203125
2 0.7671875 0.496875 0.0140625 0.02265625
3 0.80625 0.4765625 0.0125 0.02265625
2 0.65546875 0.44921875 0.01171875 0.0234375
2 0.61171875 0.40703125 0.009375 0.0203125
2 0.6015625 0.3796875 0.01015625 0.01796875
2 0.4328125 0.47734375 0.0140625 0.03046875
2 0.3421875 0.38671875 0.0109375 0.0234375
2 0.1578125 0.4125 0.0125 0.02734375
2 0.65390625 0.3703125 0.0109375 0.01875
2 0.20625 0.3734375 0.01015625 0.025
3 0.22421875 0.38984375 0.01015625 0.025
2 0.2484375 0.35859375 0.01015625 0.02265625