1 0.7359375 0.5578125 0.103125 0.2125
1 0.8125 0.484375 0.0953125 0.1984375
1 0.39453125 0.38046875 0.053125 0.1125
1 0.28125 0.475 0.05625 0.1328125
1 0.3078125 0.484375 0.0515625 0.128125
1 0.4609375 0.3109375 0.0359375 0.084375
1 0.84609375 0.36640625 0.0765625 0.159375
1 0.71015625 0.30234375 0.05 0.1078125
1 0.66640625 0.30859375 0.046875 0.1078125
1 0.6390625 0.30625 0.046875 0.1078125
1 0.13373191874999998 0.9126874015625001 0.1482970140625 0.9075279765625 0.153562603125 0.9022817046875 0.137589565625 0.8953592890625 0.131808809375 0.8408730406249999 0.1095682453125 0.820838203125 0.10705032031249999 0.8089922953125 0.11523984375 0.8093150765624999 0.11437324687499999 0.7888640984374999 0.1025285265625 0.760429 0.0893304421875 0.7529167515624999 0.0814923484375 0.713312428125 0.0626226640625 0.7173233031249999 0.0699666125 0.7518738640625 0.0583862984375 0.7574306140625 0.060119493749999996 0.798332571875 0.06556135468749999 0.8157475296875001 0.07430586875 0.81595234375 0.0758764375 0.8424442421875 0.0813791421875 0.8546874734375001 0.091856853125 0.895794246875 0.08674024531249999 0.9071994046875 0.092121259375 0.9297860921875 0.1018404203125 0.93184725625 0.11410479375 0.9622566703125001 0.12451427968749999 0.9621075843750001 0.12183372968749999 0.9358516187499999 0.129393771875 0.9332129234375 0.1349436796875 0.9320332546874999 0.13373191874999998 0.9126874015625001
2 0.07578125 0.7359375 0.0265625 0.040625
1 0.1336227609375 0.8466780265624999 0.1432537859375 0.8374085765625001 0.155490871875 0.8513156484375 0.16269210625 0.84153090625 0.1606273921875 0.8099852468750001 0.1494593546875 0.771088725 0.140911021875 0.7636198984375 0.14686693906249998 0.7561633750000001 0.13020984062500002 0.7132747968750001 0.1341419765625 0.699026128125 0.1226088640625 0.6911599765625 0.117431409375 0.7077368640625 0.1060199875 0.68952725625 0.098805109375 0.6910608265625 0.0908453234375 0.6617999609375 0.0741956015625 0.66533896875 0.07820960625 0.70059733125 0.0722673328125 0.716305025 0.081147184375 0.714417553125 0.08954026875 0.753903909375 0.1016283734375 0.7616520921875 0.1141634203125 0.7878769390625 0.11579483593749999 0.8091971093750001 0.1083701296875 0.8097435203125001 0.10790327343749999 0.821192103125 0.1296496921875 0.8361731812500001 0.1336227609375 0.8466780265624999
2 0.08671875 0.68125 0.0234375 0.0375
1 0.3691565984375 0.814078734375 0.3552306375 0.7402817749999999 0.3659645625 0.7387493859375 0.351741684375 0.7170700046875 0.3621436328125 0.7082083171875 0.359245334375 0.6945729 0.3409716328125 0.6965569 0.33016388750000003 0.6532494546875001 0.3088237984375 0.6558852359375 0.3128253828125 0.6797372203125 0.30775243125 0.703617859375 0.3092672890625 0.7308487078125 0.3027606390625 0.737932325 0.3070675046875 0.7531685375 0.3167777328125 0.751104565625 0.3200190046875 0.77891855 0.33798844843750003 0.8634581359375 0.35936623125 0.88361669375 0.3606067109375 0.8995046875 0.37440545625 0.896571675 0.3716317828125 0.8810095703125 0.3762313640625 0.8800318984375 0.38218925625 0.850262571875 0.37604391718749997 0.8439680218750001 0.3761994421875 0.8220827109375 0.3691565984375 0.814078734375
2 0.321875 0.675 0.0265625 0.0421875
1 0.30451313125 0.619155234375 0.299726496875 0.625029365625 0.29881563906249997 0.654507146875 0.2793344203125 0.632367340625 0.27160070625 0.5979691328125 0.25221341875 0.602090028125 0.2581246109375 0.6338721203125 0.255927975 0.649356553125 0.2621346453125 0.67657058125 0.2650803109375 0.6864567265625 0.2636815484375 0.69576455625 0.2529731875 0.6950371843750001 0.259860184375 0.7671591765625 0.27138628124999997 0.77371974375 0.280725675 0.8017696421875 0.291596671875 0.80922033125 0.2997189890625 0.8037394984375 0.2988813953125 0.7858965062500001 0.31976593593749997 0.7709450921875 0.32125325937500004 0.7541096765625 0.314628196875 0.748759990625 0.30584085 0.7491260468750001 0.30506739843749997 0.7395290578125 0.31011120625 0.7354534593750001 0.3078007796875 0.71266739375 0.314942728125 0.694630046875 0.3132087671875 0.6844863453125 0.305918675 0.6740218828125 0.2998601484375 0.6753096625 0.29985021875 0.6693047640625001 0.3130262734375 0.66575323125 0.3114992296875 0.6585690515625 0.3036082484375 0.6512358171875 0.31086855 0.6436855828125 0.30451313125 0.619155234375
2 0.265625 0.61875 0.028125 0.040625
1 0.2505453328125 0.6034836078125 0.246905178125 0.6078047921875 0.2313932671875 0.5857630546875 0.226416378125 0.565029475 0.2120716640625 0.5685853171875 0.2168125421875 0.5908893953125001 0.2109885140625 0.6144255578125 0.2040039875 0.6164169421875 0.2052474421875 0.626288196875 0.21118485781250002 0.6300939390625 0.2159690265625 0.657963371875 0.22066969374999998 0.655950659375 0.220600140625 0.6757297796875 0.22354566406249998 0.68422569375 0.227398646875 0.68492705 0.23551378281250002 0.707020684375 0.23331893906249998 0.7074181421875 0.239599053125 0.7329424906249999 0.25002123125 0.748464415625 0.2590901921875 0.7495774171875 0.2536541390625 0.6985347625 0.25733088125000003 0.695726134375 0.2630920609375 0.696021890625 0.266579159375 0.6815976828125 0.2589793375 0.661928403125 0.25534226250000003 0.64749815 0.25835733906249997 0.6362149406250001 0.2517686796875 0.601196465625 0.2505453328125 0.6034836078125
2 0.22265625 0.58203125 0.0203125 0.0328125
1 0.56880948125 0.423492171875 0.562357478125 0.41885375781249995 0.5548966828124999 0.4238882046875 0.55925409375 0.449861134375 0.5539695375 0.45236384375 0.55644455625 0.46218358125 0.554969653125 0.46801485 0.5607612921875 0.4916137625 0.5648970859375 0.5238412890624999 0.5708879125 0.55567451875 0.567689125 0.5570441609375 0.56946280625 0.5635643671875 0.58162465625 0.5678764968750001 0.5934926609375 0.5908735593750001 0.599329165625 0.5854946453125 0.6011070359375 0.5664942749999999 0.6015593921875 0.5595009109375 0.6071153609375 0.5528021843750001 0.6023462687500001 0.530365365625 0.6050653359375 0.5194415921875 0.6097979453125 0.5198150874999999 0.6037664453125 0.4914391109375 0.593409828125 0.48467410156249996 0.602897475 0.4709321796875 0.6008432609375001 0.4630921640625 0.59578944375 0.46485610624999996 0.5992007265625 0.45171603437499996 0.5932057109375 0.4454033796875 0.5886224921875 0.45120562187499996 0.58817925625 0.46371481562500005 0.5769719156249999 0.44747453750000005 0.5730444265625 0.4289971578125 0.56880948125 0.423492171875
1 0.6728478953125 0.7015105 0.67860305 0.7030460890625 0.6794853296875 0.7035482765625 0.6823039890625 0.6967416609375 0.6720287234375 0.683062146875 0.669834240625 0.6745622250000001 0.675349534375 0.6713207484375 0.6669201765625 0.65173110625 0.664978865625 0.628003503125 0.6579115078125 0.618470178125 0.6538030781249999 0.6027901421874999 0.6629877578125 0.6022173203125 0.6624582421875 0.5906046140625001 0.650748746875 0.5792991187500001 0.6514409640625 0.577082821875 0.6573181421875 0.5682466546875 0.6554448703125 0.5576092921875 0.6434324078125 0.5594728984375 0.6378175203125 0.5585972156250001 0.6246240015625 0.5476071609375001 0.617940959375 0.51799023125 0.6008248859374999 0.519559203125 0.6078382578125 0.5525545234375 0.5990834984375 0.5606228953125 0.6018348609374999 0.5972830203124999 0.6058437015625 0.608845896875 0.6053373578125 0.6393012546875 0.615992753125 0.6584177375 0.61959903125 0.6790325578124999 0.6236394234375 0.6816223515625001 0.626114440625 0.6914420890625 0.62699253125 0.7174648484375 0.636647809375 0.7209303265625 0.6449958171875 0.7474344703125 0.6526060031250001 0.7485757609375 0.6734861265625 0.722756196875 0.6728478953125 0.7015105
2 0.6125 0.53515625 0.0234375 0.0359375
2 0.70234375 0.44453125 0.0203125 0.0328125
2 0.78828125 0.4171875 0.0234375 0.034375
1 0.7411335375 0.3513106015625 0.7289551328125 0.355380065625 0.7343760296874999 0.3808833828125 0.7318633578125 0.38734092656249997 0.7445929203125 0.43547819531250004 0.742180634375 0.4424080234375 0.7514453484375 0.4833838234375 0.7705991484375 0.5212703921874999 0.7764988671874999 0.5150801515625 0.7709971671875 0.50094730625 0.7697634125 0.497754196875 0.7665445015625 0.47869353593749997 0.755835734375 0.44789710937500005 0.7541095703125 0.42802553125 0.7529049265625 0.42235812968750003 0.7487504234375 0.41978584531249996 0.7475036140625 0.408697565625 0.747872521875 0.3908487765625 0.7548699703125 0.385906071875 0.753399803125 0.38029510625 0.7462889109375 0.37687035625 0.7411335375 0.3513106015625
2 0.73828125 0.36640625 0.0171875 0.028125
2 0.56953125 0.44296875 0.01875 0.0296875
2 0.8296875 0.3078125 0.0203125 0.0359375
2 0.90859375 0.325 0.021875 0.034375
1 0.904314384375 0.30818416718749997 0.885483640625 0.27384167812500004 0.879703934375 0.260802253125 0.87373426875 0.2598417796875 0.8692444281249999 0.24697405625000002 0.8608500843750001 0.2487583296875 0.8608092890625001 0.260359703125 0.86505339375 0.2697126734375 0.86085916875 0.27238767343750003 0.8599437984374999 0.28105383125 0.8626056078125 0.2947559859375 0.8657937859375 0.30032054218750004 0.8677682703125 0.3155064109375 0.8651096484374999 0.32186786875 0.8733258296875 0.3392940078125 0.8783216390625 0.34982481718749997 0.8760461234375001 0.3520919859375 0.876803725 0.35683555624999996 0.88091316875 0.3572996859375 0.8850258015625 0.377827428125 0.8903140390625 0.3838373484375 0.8989981031250001 0.39403006875 0.903970328125 0.39029795156249997 0.9029728859375 0.385605359375 0.9072577875000001 0.38335695468750003 0.90871131875 0.3736846625 0.9047655375 0.36337653593749997 0.9025426109374999 0.361173796875 0.9015800687500001 0.3413141 0.904782746875 0.3375122390625 0.9030861890624999 0.32717189687500003 0.8996903640625 0.3229890984375 0.9022143234375 0.307738803125 0.904314384375 0.30818416718749997
2 0.878125 0.27421875 0.0171875 0.025
1 0.73376564375 0.3793042953125 0.730129225 0.37121287187499996 0.7262416703125 0.368771059375 0.7204814953125 0.34167156875 0.7083580328125 0.3437038 0.714854290625 0.372825590625 0.710648825 0.3775323171875 0.7113743968749999 0.39535284375 0.7134469546875 0.40798485781249993 0.7161625359375 0.41067577968749996 0.7153372921875001 0.42120029062500003 0.7213688484375 0.4351695515625 0.7237593171875 0.44065302656250005 0.7235593828125 0.4526786921875 0.727397096875 0.469293025 0.7348864140625 0.4785949125 0.7377914203125 0.48505839687499996 0.7466028046875001 0.4962580296875 0.749057515625 0.496280953125 0.7504366250000001 0.4883621609375 0.7531450046875 0.48669709843750003 0.7411566453125 0.4374997984375 0.7436756015625 0.432062171875 0.7319481140625 0.3855328703125 0.73376564375 0.3793042953125
2 0.71796875 0.35625 0.0171875 0.0296875
0 0.7790447312500001 0.4010326625 0.7702337625 0.3855653484375 0.765395784375 0.38441493437499996 0.7598964796875001 0.359983440625 0.74718703125 0.3621402265625 0.75243266875 0.38825970781249997 0.748005659375 0.391924146875 0.7470447234375001 0.409013775 0.7485706203125 0.42339605 0.752379521875 0.42258644375000004 0.75418400625 0.4281944734375 0.7551311218750001 0.447057290625 0.756610490625 0.4554578734375 0.7662116890624999 0.4790174828125 0.771021440625 0.507408371875 0.7763955640625 0.522606753125 0.77454124375 0.53117124375 0.7826735859375 0.5305320390625 0.7873830765625 0.54260355625 0.792363946875 0.5415448390625001 0.786035503125 0.50312765625 0.7849920218750001 0.492455665625 0.786514025 0.482327740625 0.7804575484375 0.47544474374999995 0.7808469078125 0.46719163906250005 0.7785206828125 0.4562476140625 0.7791027734375 0.43161285781250003 0.7823578125 0.42819753125000004 0.7771515 0.4037037609375 0.7790447312500001 0.4010326625
3 0.75625 0.37265625 0.01875 0.028125
1 0.76412339375 0.29725095625 0.75442550625 0.29372695000000004 0.7508115734375 0.27672473750000004 0.740656965625 0.2798704109375 0.7444425609375 0.30029148437500003 0.7398704546875 0.30619953125 0.7462174171875 0.329531521875 0.7482121015625001 0.331082025 0.7499834296875 0.338109840625 0.7519264203125 0.3485565203125 0.7654003281249999 0.36494379375 0.7703484 0.3856113984375 0.7794830859374999 0.3881123546875 0.7842108 0.3959926359375 0.7878277312499999 0.3947302109375 0.7866682515625001 0.376219046875 0.7812313 0.3610851953125 0.7835206171875 0.3601049640625 0.77951819375 0.3491087890625 0.777102378125 0.33382639531249997 0.7712543515625 0.331120459375 0.7701209828125 0.3283996328125 0.7725041609375001 0.32394410156250003 0.7771831812500001 0.322455925 0.776143671875 0.3162597984375 0.773187284375 0.3154073328125 0.76709631875 0.3063359546875 0.76412339375 0.29725095625
2 0.7484375 0.290625 0.0140625 0.025
2 0.71875 0.47109375 0.0203125 0.0296875
1 0.35625 0.4546875 0.046875 0.0875
2 0.34921875 0.42421875 0.0140625 0.021875
2 0.321875 0.446875 0.015625 0.021875
2 0.29609375 0.4328125 0.0140625 0.0203125
2 0.30703125 0.38125 0.0125 0.0203125
0 0.5640625 0.2921875 0.034375 0.0828125
1 0.602105759375 0.36310996875 0.6106669484375 0.3660044296875 0.609410665625 0.3545488921875 0.6103228406250001 0.35103525 0.614286228125 0.3472419140625 0.611031721875 0.3446139265625 0.60775994375 0.3165381609375 0.602221246875 0.3129202484375 0.6021897375 0.30886946875 0.6060563578125 0.3065721484375 0.6056062703125 0.30445464843750003 0.60678699375 0.2983018921875 0.6009047296875 0.2969701734375 0.5943810843749999 0.2828646328125 0.592193659375 0.280378690625 0.5917435703125 0.278261190625 0.5900399843749999 0.268295175 0.5855683671875 0.264819309375 0.5821953390625 0.26553626874999997 0.5804193765625 0.2718155453125 0.583811915625 0.282898009375 0.579403315625 0.28752370312500003 0.5800180671875 0.2991966015625 0.5820652187500001 0.306876421875 0.5810514 0.30893622187499997 0.581179675 0.3114909859375 0.5843809203125 0.3119171265625 0.586449825 0.31774801406250003 0.584572215625 0.32257345000000004 0.5914323078125 0.3450912953125 0.5912267765625 0.355831965625 0.595640253125 0.3541561296875 0.5973824671875 0.3574744265625 0.6003586671875001 0.356841815625 0.602105759375 0.36310996875
1 0.615063240625 0.3489461984375 0.617819275 0.3502046953125 0.6190945250000001 0.356204278125 0.6223175234375 0.3547814859375 0.621364084375 0.3483446359375 0.6230264046875 0.3483601609375 0.62539536875 0.3556027140625 0.6289668078124999 0.35484358125000004 0.6274665140625 0.3477852484375 0.6285358343749999 0.334278940625 0.6265685765625 0.32990189375 0.6223362421874999 0.3060877796875 0.6204173671875 0.3009627265625 0.6237855156250001 0.2972959109375 0.6198292453125 0.29039075 0.6180435265625001 0.290770315625 0.616398078125 0.2859560046875 0.610747978125 0.274984540625 0.60703850625 0.2672891953125 0.601054596875 0.2645036390625 0.5963676921875 0.26586873125 0.59820443125 0.2813393671875 0.5971204765625 0.2859961078125 0.6011348859375001 0.298052975 0.608577825 0.297946375 0.6058581796875 0.303688515625 0.6058146734375 0.3073863796875 0.602640059375 0.3080611640625 0.60182953125 0.3130286453125 0.6076416578125 0.31695730312500003 0.6105649921875 0.34436940781250003 0.615063240625 0.3489461984375
2 0.9234375 0.30625 0.01875 0.0328125
2 0.7375 0.328125 0.0171875 0.0265625
2 0.378125 0.4671875 0.0171875 0.025
3 0.26953125 0.42421875 0.015625 0.025