1 0.09921875 0.77265625 0.15 0.2890625
1 0.24453125 0.7578125 0.128125 0.2875
1 0.3015625 0.73828125 0.1171875 0.253125
0 0.66328125 0.7890625 0.1171875 0.275
1 0.91328125 0.640625 0.0828125 0.175
0 0.821875 0.57734375 0.075 0.1609375
1 0.775 0.528125 0.06875 0.1375
1 0.85546875 0.5734375 0.075 0.15625
1 0.73046875 0.4875 0.0609375 0.121875
1 0.33203125 0.53203125 0.075 0.1640625
1 0.409375 0.47265625 0.065625 0.1453125
1 0.5875 0.42265625 0.0484375 0.103125
1 0.07421875 0.5703125 0.1015625 0.2015625
1 0.2296875 0.6296875 0.1109375 0.228125
1 0.34453125 0.43984375 0.0609375 0.1265625
2 0.1203125 0.6640625 0.0328125 0.046875
2 0.2703125 0.6421875 0.03125 0.046875
2 0.325 0.6359375 0.0296875 0.0421875
2 0.29453125 0.51484375 0.0234375 0.0359375
2 0.24765625 0.53984375 0.0265625 0.0421875
1 0.38203125 0.7484375 0.1109375 0.1609375
2 0.396875 0.70703125 0.0328125 0.04375
2 0.6890625 0.63203125 0.025 0.0390625
2 0.08203125 0.4921875 0.0234375 0.03125
1 0.0546875 0.53359375 0.0703125 0.1890625
2 0.071875 0.45703125 0.0203125 0.03125
3 0.6890625 0.6765625 0.028125 0.0390625
2 0.346875 0.46640625 0.01875 0.028125
2 0.353125 0.38984375 0.0140625 0.021875
2 0.925 0.5734375 0.021875 0.034375
3 0.8375 0.5125 0.015625 0.025
2 0.7859375 0.47734375 0.015625 0.0265625
2 0.42265625 0.41484375 0.015625 0.021875
2 0.4078125 0.39921875 0.0140625 0.021875
1 0.7125 0.45859375 0.0515625 0.1140625
1 0.4734375 0.32421875 0.034375 0.0671875
1 0.63515625 0.40546875 0.0484375 0.0859375
1 0.6734375 0.4328125 0.046875 0.1046875