1 0.525 0.86015625 0.14375 0.2796875
1 0.89609375 0.88515625 0.1109375 0.2296875
1 0.86640625 0.81640625 0.128125 0.24375
1 0.75078125 0.759375 0.109375 0.2390625
1 0.47265625 0.7796875 0.1265625 0.284375
1 0.34453125 0.696875 0.115625 0.25625
1 0.22421875 0.5734375 0.1078125 0.2234375
1 0.271875 0.36875 0.0671875 0.140625
1 0.12421875 0.3765625 0.071875 0.1625
1 0.18984375 0.40390625 0.0734375 0.1578125
1 0.3234375 0.62734375 0.1 0.228125
1 0.35703125 0.49296875 0.078125 0.1640625
1 0.68203125 0.57421875 0.0796875 0.171875
1 0.73515625 0.52578125 0.0609375 0.14375
1 0.615625 0.41015625 0.053125 0.115625
1 0.34140625 0.34765625 0.0546875 0.1140625
1 0.28515625 0.48828125 0.071875 0.184375
1 0.159375 0.35859375 0.059375 0.1453125
1 0.64296875 0.5125 0.05625 0.09375
1 0.66796875 0.46171875 0.0546875 0.1203125
2 0.503125 0.66484375 0.0296875 0.04375
2 0.54140625 0.7515625 0.034375 0.053125
2 0.77578125 0.66484375 0.025 0.0390625
2 0.9375 0.80078125 0.0265625 0.0453125
2 0.88984375 0.72421875 0.0296875 0.04375
2 0.24375 0.4953125 0.0265625 0.040625
2 0.346875 0.5375 0.025 0.0390625
2 0.37421875 0.43125 0.0203125 0.0328125
2 0.2984375 0.41328125 0.01875 0.03125
3 0.74609375 0.46953125 0.0171875 0.025
2 0.7015625 0.51171875 0.01875 0.028125
2 0.64921875 0.48046875 0.0171875 0.025
2 0.72109375 0.48203125 0.015625 0.0234375
2 0.60859375 0.52421875 0.0203125 0.0296875
2 0.67890625 0.41484375 0.0125 0.0203125
2 0.1359375 0.3140625 0.01875 0.0328125
2 0.17421875 0.30390625 0.0171875 0.0296875
2 0.21015625 0.3453125 0.01875 0.0296875
2 0.2828125 0.3171875 0.0171875 0.03125
1 0.30859375 0.3 0.046875 0.1
1 0.53828125 0.30625 0.03125 0.075
1 0.6125 0.33125 0.034375 0.078125
2 0.3703125 0.590625 0.025 0.034375
2 0.62734375 0.3640625 0.0140625 0.01875