1 0.75859375 0.88671875 0.1453125 0.2265625
1 0.22109375 0.82265625 0.1203125 0.26875
1 0.34609375 0.8125 0.1703125 0.309375
1 0.4546875 0.625 0.090625 0.2125
1 0.73203125 0.71171875 0.1015625 0.2265625
1 0.6375 0.59296875 0.08125 0.1796875
1 0.2375 0.559375 0.0796875 0.190625
1 0.03984375 0.6078125 0.0796875 0.21875
1 0.165625 0.55 0.078125 0.1796875
1 0.34453125 0.56875 0.0796875 0.184375
1 0.82890625 0.665625 0.0890625 0.19375
1 0.89296875 0.60078125 0.0734375 0.165625
1 0.74140625 0.53125 0.06875 0.1453125
1 0.3875 0.40625 0.046875 0.1109375
1 0.43671875 0.3625 0.0390625 0.084375
1 0.84140625 0.51015625 0.059375 0.13125
1 0.7875 0.6109375 0.0796875 0.1703125
1 0.91875 0.54140625 0.0625 0.1421875
1 0.7703125 0.55859375 0.0640625 0.1609375
1 0.815625 0.4859375 0.053125 0.1125
1 0.5765625 0.76640625 0.109375 0.2484375
2 0.36796875 0.6921875 0.034375 0.053125
2 0.24140625 0.71953125 0.034375 0.053125
2 0.03359375 0.52265625 0.025 0.040625
2 0.25078125 0.4828125 0.0203125 0.03125
1 0.578125 0.91328125 0.14375 0.1734375
2 0.5921875 0.86953125 0.0421875 0.0671875
2 0.59453125 0.66484375 0.028125 0.0390625
2 0.78984375 0.81015625 0.0328125 0.0546875
2 0.8421875 0.5890625 0.0203125 0.0328125
2 0.74296875 0.61953125 0.021875 0.0375
2 0.47265625 0.53828125 0.0234375 0.0328125
2 0.35390625 0.49609375 0.01875 0.03125
1 0.653125 0.48359375 0.059375 0.1265625
2 0.64765625 0.52265625 0.0234375 0.034375
2 0.66015625 0.4375 0.0171875 0.028125
2 0.3671875 0.43828125 0.01875 0.028125
2 0.178125 0.478125 0.0203125 0.03125
1 0.7859375 0.4546875 0.05 0.115625
2 0.78359375 0.4953125 0.0171875 0.0265625
2 0.78984375 0.54140625 0.0171875 0.0265625
2 0.8078125 0.51875 0.01875 0.028125
2 0.80234375 0.54453125 0.0171875 0.0265625
2 0.971875 0.55390625 0.01875 0.034375
2 0.92578125 0.4859375 0.0171875 0.028125
3 0.89609375 0.53828125 0.0171875 0.03125
2 0.821875 0.44296875 0.0125 0.021875
3 0.60703125 0.74609375 0.025 0.0421875
2 0.771875 0.82109375 0.0265625 0.053125
1 0.48125 0.32265625 0.03125 0.071875
1 0.4578125 0.3375 0.0328125 0.078125
1 0.678125 0.40703125 0.0375 0.090625
1 0.65 0.4046875 0.0421875 0.0953125
1 0.62421875 0.3859375 0.040625 0.0890625
0 0.7171875 0.4140625 0.0375 0.0890625
0 0.75390625 0.425 0.0390625 0.084375
1 0.73515625 0.4515625 0.0484375 0.1109375
1 0.409375 0.340625 0.0328125 0.071875
2 0.39453125 0.3609375 0.0125 0.01875