1 0.68203125 0.88984375 0.1328125 0.190625
1 0.32421875 0.9140625 0.1171875 0.171875
1 0.46484375 0.9 0.1046875 0.2
0 0.82265625 0.80546875 0.1 0.309375
1 0.9046875 0.5890625 0.08125 0.20625
1 0.7609375 0.51484375 0.0671875 0.171875
1 0.43671875 0.5609375 0.0625 0.1671875
1 0.38671875 0.509375 0.0515625 0.1359375
1 0.33828125 0.50390625 0.05 0.1265625
1 0.77265625 0.4375 0.0515625 0.1390625
1 0.77578125 0.73984375 0.0953125 0.278125
1 0.6828125 0.39609375 0.0453125 0.1171875
1 0.33125 0.80546875 0.1015625 0.240625
1 0.31015625 0.58984375 0.0609375 0.153125
1 0.7890625 0.40546875 0.0515625 0.1375
1 0.853125 0.43046875 0.05625 0.1421875
2 0.31875 0.8609375 0.0328125 0.0546875
2 0.40703125 0.96953125 0.0453125 0.0609375
2 0.46171875 0.83125 0.034375 0.0515625
2 0.32109375 0.70703125 0.025 0.0390625
2 0.29609375 0.528125 0.0140625 0.0234375
2 0.69375 0.84140625 0.0359375 0.0578125
2 0.76640625 0.6234375 0.025 0.0421875
2 0.84375 0.371875 0.0140625 0.021875
0 0.73671875 0.40546875 0.04375 0.11875
2 0.75078125 0.446875 0.0171875 0.03125
1 0.88203125 0.49453125 0.0640625 0.1546875
2 0.8703125 0.43125 0.015625 0.025
1 0.946875 0.46796875 0.06875 0.1671875
2 0.95078125 0.3828125 0.0171875 0.0265625
2 0.91171875 0.38203125 0.0140625 0.0234375
2 0.93125 0.4015625 0.015625 0.025
2 0.428125 0.49140625 0.015625 0.0234375
1 0.63046875 0.3859375 0.0421875 0.103125
1 0.4 0.37109375 0.03125 0.071875
1 0.51171875 0.371875 0.0328125 0.0859375
3 0.80234375 0.6765625 0.028125 0.04375
2 0.3296875 0.4546875 0.0140625 0.021875
2 0.3765625 0.45625 0.0140625 0.021875
2 0.2875 0.51171875 0.0140625 0.021875
2 0.31796875 0.64375 0.021875 0.034375
3 0.896875 0.50390625 0.0203125 0.0328125
2 0.76015625 0.384375 0.0140625 0.028125
3 0.7296875 0.359375 0.0125 0.0234375
2 0.95 0.35546875 0.015625 0.025
2 0.93203125 0.3390625 0.0125 0.0203125
2 0.3703125 0.42578125 0.0140625 0.021875