1 0.4953125 0.88828125 0.125 0.2234375
1 0.3921875 0.86171875 0.146875 0.2765625
1 0.4890625 0.58046875 0.0859375 0.1859375
1 0.921875 0.80390625 0.1328125 0.2421875
1 0.82421875 0.50234375 0.071875 0.16875
1 0.79140625 0.5203125 0.075 0.1546875
1 0.7984375 0.63671875 0.109375 0.2296875
1 0.18359375 0.5328125 0.065625 0.1421875
1 0.1078125 0.58515625 0.075 0.1640625
1 0.325 0.4359375 0.0515625 0.1125
1 0.284375 0.42109375 0.0453125 0.10625
1 0.378125 0.40078125 0.0421875 0.096875
1 0.3578125 0.46484375 0.0578125 0.125
1 0.2203125 0.484375 0.059375 0.13125
1 0.60546875 0.45625 0.0546875 0.13125
1 0.63203125 0.40390625 0.05 0.1140625
1 0.65546875 0.5015625 0.06875 0.1484375
1 0.58203125 0.4296875 0.0546875 0.13125
0 0.3203125 0.6953125 0.090625 0.2328125
0 0.134375 0.51796875 0.05625 0.1265625
1 0.10859375 0.48671875 0.0515625 0.115625
2 0.8359375 0.86171875 0.040625 0.0640625
2 0.90234375 0.7140625 0.034375 0.05
2 0.57421875 0.5703125 0.025 0.040625
2 0.478125 0.81015625 0.034375 0.053125
2 0.371875 0.77109375 0.034375 0.053125
2 0.78984375 0.54921875 0.0234375 0.0375
2 0.63203125 0.6015625 0.0265625 0.0359375
3 0.30234375 0.59765625 0.021875 0.034375
1 0.528125 0.34921875 0.0359375 0.084375
1 0.54921875 0.3640625 0.040625 0.0921875
2 0.478125 0.50703125 0.0203125 0.0328125
2 0.7859375 0.4609375 0.0203125 0.0265625
3 0.8140625 0.43359375 0.0203125 0.028125
2 0.659375 0.534375 0.021875 0.0328125
2 0.09765625 0.52578125 0.01875 0.034375
2 0.175 0.478125 0.0171875 0.0296875
2 0.209375 0.43515625 0.015625 0.0265625
2 0.34921875 0.41640625 0.0140625 0.025
2 0.2453125 0.41328125 0.0140625 0.0234375
2 0.6234375 0.86484375 0.0375 0.053125
2 0.6453125 0.4421875 0.0171875 0.025
2 0.59609375 0.4046875 0.015625 0.0234375
2 0.62421875 0.35859375 0.0125 0.0171875
2 0.575 0.3765625 0.0140625 0.0203125