1 0.49296875 0.871875 0.1015625 0.25625
1 0.58203125 0.771875 0.0765625 0.2734375
1 0.6328125 0.69921875 0.0671875 0.2390625
1 0.18984375 0.7484375 0.0765625 0.25
1 0.43671875 0.83125 0.090625 0.2984375
1 0.60390625 0.55078125 0.05625 0.1875
1 0.7453125 0.6484375 0.0765625 0.23125
1 0.76875 0.44921875 0.046875 0.14375
1 0.86328125 0.4328125 0.0453125 0.1515625
1 0.71796875 0.39921875 0.0421875 0.128125
1 0.6484375 0.37421875 0.0328125 0.109375
1 0.353125 0.50703125 0.040625 0.0921875
1 0.25 0.5 0.034375 0.1453125
1 0.39453125 0.4 0.0375 0.1171875
1 0.67421875 0.48984375 0.05 0.1609375
1 0.8265625 0.41171875 0.0359375 0.1359375
1 0.30625 0.64140625 0.0546875 0.203125
1 0.3578125 0.41796875 0.0296875 0.109375
1 0.3390625 0.446875 0.0359375 0.125
1 0.03984375 0.76640625 0.0671875 0.21875
1 0.0328125 0.86015625 0.05 0.2734375
2 0.49453125 0.7734375 0.0265625 0.0546875
2 0.4265625 0.70390625 0.025 0.0453125
2 0.628125 0.5984375 0.01875 0.034375
2 0.59765625 0.47421875 0.015625 0.03125
2 0.73671875 0.5625 0.0203125 0.0375
2 0.18046875 0.64375 0.0203125 0.0390625
2 0.3890625 0.52578125 0.0171875 0.028125
2 0.27578125 0.45625 0.0125 0.021875
3 0.725 0.4765625 0.0140625 0.025
2 0.66875 0.425 0.0140625 0.0265625
1 0.7 0.540625 0.0453125 0.1875
2 0.7015625 0.4609375 0.015625 0.028125
2 0.82109375 0.35703125 0.0125 0.025
2 0.86171875 0.37109375 0.0109375 0.028125
2 0.309375 0.56953125 0.015625 0.0296875
3 0.24765625 0.440625 0.015625 0.025
2 0.2859375 0.49609375 0.0140625 0.025
2 0.3515625 0.4734375 0.0125 0.0234375
2 0.33671875 0.39609375 0.0109375 0.021875
2 0.7625 0.390625 0.0125 0.0265625
2 0.71484375 0.34921875 0.0125 0.0265625
1 0.36953125 0.3171875 0.0203125 0.0703125
1 0.41484375 0.3234375 0.025 0.0765625
2 0.35703125 0.37265625 0.0109375 0.0171875
2 0.57421875 0.65234375 0.0203125 0.0328125
2 0.0171875 0.67890625 0.0234375 0.0421875
1 0.4984375 0.29921875 0.0171875 0.0734375