1 0.15859375 0.76015625 0.1015625 0.265625
1 0.36875 0.52734375 0.046875 0.146875
1 0.32734375 0.59140625 0.065625 0.184375
1 0.9046875 0.54140625 0.05 0.1421875
1 0.83125 0.5328125 0.0546875 0.1484375
1 0.7703125 0.4953125 0.0484375 0.13125
0 0.7 0.734375 0.0703125 0.25
1 0.7390625 0.459375 0.0390625 0.1234375
1 0.15703125 0.61015625 0.06875 0.1796875
1 0.40703125 0.6234375 0.075 0.184375
1 0.35625 0.46015625 0.040625 0.121875
1 0.4125 0.475 0.0453125 0.13125
1 0.64453125 0.42109375 0.040625 0.1046875
1 0.60234375 0.44765625 0.0359375 0.1125
1 0.703125 0.4390625 0.0359375 0.1109375
1 0.66953125 0.4078125 0.0328125 0.0984375
1 0.44609375 0.39765625 0.034375 0.090625
2 0.5609375 0.9671875 0.0375 0.065625
2 0.64609375 0.89296875 0.0359375 0.0609375
2 0.70703125 0.59609375 0.01875 0.03125
2 0.15625 0.8984375 0.0359375 0.0625
2 0.353125 0.6421875 0.0234375 0.0421875
2 0.33515625 0.515625 0.0171875 0.0296875
2 0.40859375 0.55078125 0.01875 0.034375
3 0.709375 0.628125 0.0203125 0.034375
2 0.16484375 0.65625 0.025 0.0390625
2 0.15546875 0.5375 0.01875 0.0265625
2 0.39375 0.6828125 0.0265625 0.0421875
1 0.36015625 0.41015625 0.0125 0.0203125
2 0.4140625 0.4203125 0.0125 0.01875
2 0.91171875 0.48671875 0.0140625 0.0265625
2 0.83671875 0.475 0.0140625 0.03125
2 0.60703125 0.40390625 0.0109375 0.0234375
3 0.68515625 0.415625 0.0109375 0.021875