1 0.521875 0.6109375 0.0515625 0.18828125
1 0.321875 0.88046875 0.08828125 0.2390625
1 0.41171875 0.921875 0.08671875 0.15625
2 0.409375 0.87265625 0.028125 0.0546875
2 0.32109375 0.80390625 0.025 0.05390625
1 0.83125 0.91640625 0.09375 0.1671875
2 0.82890625 0.859375 0.028125 0.05234375
1 0.803125 0.61015625 0.0484375 0.1546875
1 0.78984375 0.74453125 0.06875 0.2375
2 0.79609375 0.65078125 0.01875 0.03671875
1 0.6546875 0.56640625 0.04140625 0.1515625
2 0.64453125 0.6015625 0.0171875 0.03046875
1 0.5921875 0.64921875 0.059375 0.090625
2 0.596875 0.62265625 0.0171875 0.0359375
1 0.64609375 0.45546875 0.0296875 0.115625
1 0.6171875 0.51015625 0.03046875 0.1359375
1 0.590625 0.4703125 0.0296875 0.13125
1 0.83359375 0.5953125 0.0328125 0.17265625
1 0.209375 0.46953125 0.03671875 0.1328125
1 0.13359375 0.503125 0.0421875 0.1515625
1 0.3890625 0.43984375 0.02734375 0.11484375
1 0.32265625 0.3875 0.0234375 0.09765625
1 0.353125 0.40703125 0.028125 0.10625
1 0.2484375 0.434375 0.03046875 0.12734375
1 0.5578125 0.38359375 0.02109375 0.084375
0 0.27734375 0.68359375 0.05 0.23671875
3 0.28203125 0.58125 0.01640625 0.03203125
2 0.65625 0.50390625 0.0125 0.02578125
2 0.5265625 0.5328125 0.015625 0.03046875
2 0.54453125 0.96640625 0.03203125 0.053125
2 0.77890625 0.9859375 0.03359375 0.028125
1 0.0546875 0.4984375 0.04140625 0.13359375
2 0.0546875 0.44765625 0.0125 0.02890625
2 0.28828125 0.553125 0.0171875 0.02421875
2 0.13515625 0.44375 0.01171875 0.03046875
2 0.1453125 0.440625 0.01015625 0.025
2 0.81171875 0.55 0.01328125 0.0265625
3 0.83671875 0.52421875 0.015625 0.02578125
2 0.6484375 0.4078125 0.0109375 0.01796875
2 0.6203125 0.4546875 0.0125 0.02265625
2 0.3890625 0.3921875 0.01015625 0.021875
2 0.2875 0.37109375 0.009375 0.02109375
1 0.578125 0.3984375 0.02421875 0.08984375
1 0.4109375 0.3859375 0.021875 0.09140625
2 0.2125 0.41640625 0.0109375 0.02421875
3 0.2984375 0.39453125 0.009375 0.021875