1 0.14140625 0.8375 0.1125 0.28125
1 0.68515625 0.87578125 0.0890625 0.2484375
1 0.56796875 0.84140625 0.1375 0.3
1 0.5109375 0.63203125 0.0671875 0.209375
1 0.22109375 0.64453125 0.075 0.2234375
1 0.34375 0.55390625 0.0609375 0.1765625
1 0.73828125 0.62578125 0.0578125 0.1875
1 0.928125 0.7265625 0.0796875 0.2140625
1 0.81015625 0.634375 0.0578125 0.1765625
1 0.6328125 0.60625 0.059375 0.18125
1 0.1390625 0.575 0.0671875 0.190625
1 0.09453125 0.49609375 0.0546875 0.1640625
1 0.25859375 0.4671875 0.053125 0.1421875
1 0.6328125 0.4390625 0.034375 0.109375
1 0.596875 0.38359375 0.0296875 0.0828125
1 0.16796875 0.42109375 0.04375 0.1296875
1 0.19375 0.5328125 0.0609375 0.165625
1 0.08515625 0.43203125 0.046875 0.140625
1 0.2234375 0.48671875 0.0453125 0.159375
1 0.19921875 0.4046875 0.040625 0.109375
1 0.35703125 0.7375 0.08125 0.24375
2 0.578125 0.7203125 0.0296875 0.0515625
2 0.69296875 0.77890625 0.0296875 0.0515625
2 0.9453125 0.6421875 0.021875 0.0390625
2 0.7453125 0.54765625 0.0171875 0.03125
1 0.3125 0.89453125 0.121875 0.1953125
2 0.315625 0.83359375 0.034375 0.0640625
2 0.36640625 0.634375 0.025 0.0375
2 0.13984375 0.725 0.0265625 0.053125
2 0.14609375 0.496875 0.015625 0.03125
2 0.23359375 0.55234375 0.01875 0.0375
2 0.51640625 0.54453125 0.01875 0.03125
2 0.64140625 0.534375 0.015625 0.0296875
1 0.35703125 0.44453125 0.0453125 0.1234375
2 0.3515625 0.48359375 0.01875 0.0328125
2 0.36171875 0.39765625 0.0140625 0.0265625
2 0.64453125 0.475 0.015625 0.028125
2 0.81640625 0.56171875 0.0171875 0.0296875
1 0.2359375 0.38203125 0.0375 0.1140625
2 0.22734375 0.421875 0.0140625 0.0265625
2 0.209375 0.46484375 0.0140625 0.0265625
2 0.1984375 0.43828125 0.015625 0.028125
2 0.19609375 0.46484375 0.0140625 0.025
2 0.03046875 0.43046875 0.0140625 0.0328125
2 0.09296875 0.37578125 0.0140625 0.0265625
3 0.1078125 0.434375 0.0140625 0.03125
2 0.203125 0.36171875 0.0109375 0.021875
3 0.3328125 0.71015625 0.0203125 0.040625
2 0.1546875 0.73984375 0.021875 0.0515625
1 0.5640625 0.33359375 0.0234375 0.071875
1 0.5828125 0.35390625 0.025 0.0765625
1 0.35234375 0.3640625 0.0265625 0.0890625
1 0.3796875 0.36953125 0.03125 0.09375
1 0.409375 0.35703125 0.0296875 0.0875
0 0.3125 0.3609375 0.028125 0.0875
0 0.27421875 0.36171875 0.0296875 0.08125
1 0.28515625 0.3921875 0.0359375 0.109375
1 0.62890625 0.36953125 0.025 0.0703125
2 0.6375 0.39296875 0.009375 0.01875