1 0.4453125 0.89609375 0.10625 0.2078125
1 0.61875 0.878125 0.0765625 0.240625
1 0.5796875 0.540625 0.0421875 0.1578125
1 0.7046875 0.5296875 0.0390625 0.14375
1 0.66640625 0.53984375 0.0421875 0.1453125
1 0.6859375 0.665625 0.053125 0.2
1 0.72421875 0.7359375 0.0671875 0.2140625
1 0.2078125 0.5796875 0.0515625 0.178125
0 0.2484375 0.83046875 0.0609375 0.3015625
0 0.24375 0.4671875 0.0328125 0.1375
1 0.08671875 0.534375 0.04375 0.153125
1 0.04765625 0.45 0.0390625 0.121875
1 0.09140625 0.4734375 0.040625 0.134375
1 0.28671875 0.43828125 0.0328125 0.11875
1 0.6390625 0.4640625 0.03125 0.1140625
1 0.60859375 0.47578125 0.0328125 0.125
1 0.46015625 0.3859375 0.021875 0.084375
1 0.33828125 0.41796875 0.0296875 0.1046875
2 0.61484375 0.78203125 0.0265625 0.0453125
2 0.73828125 0.79453125 0.025 0.053125
2 0.721875 0.64921875 0.0203125 0.0390625
2 0.68671875 0.5828125 0.015625 0.03125
2 0.43359375 0.8328125 0.028125 0.0546875
3 0.24453125 0.7 0.0203125 0.0375
2 0.2671875 0.64296875 0.01875 0.0390625
2 0.74140625 0.8984375 0.03125 0.0546875
2 0.578125 0.47265625 0.0140625 0.0234375
2 0.6703125 0.48046875 0.0125 0.0265625
2 0.7046875 0.46875 0.0125 0.021875
2 0.0921875 0.4171875 0.0125 0.021875
2 0.01953125 0.459375 0.0125 0.0234375
2 0.02890625 0.43984375 0.0109375 0.0234375
2 0.01328125 0.4375 0.0109375 0.021875
2 0.6390625 0.415625 0.0109375 0.01875
2 0.609375 0.42421875 0.0125 0.0203125
2 0.615625 0.396875 0.0109375 0.0171875
2 0.08671875 0.46796875 0.0125 0.0203125
2 0.2046875 0.44296875 0.0109375 0.025
2 0.2078125 0.5078125 0.0140625 0.0328125
3 0.24375 0.41015625 0.009375 0.0234375
2 0.28828125 0.39296875 0.009375 0.0234375