1 0.48203125 0.88828125 0.1171875 0.2234375
1 0.3796875 0.859375 0.1375 0.28125
1 0.48671875 0.58046875 0.0796875 0.1859375
1 0.9109375 0.81875 0.125 0.240625
1 0.8234375 0.51328125 0.0671875 0.16875
1 0.78984375 0.53046875 0.0703125 0.1546875
1 0.79296875 0.64765625 0.1015625 0.2296875
1 0.1828125 0.521875 0.0609375 0.1421875
1 0.1046875 0.57109375 0.0703125 0.1625
1 0.32734375 0.4296875 0.0484375 0.1109375
1 0.2875 0.4140625 0.0421875 0.10625
1 0.38203125 0.39609375 0.0390625 0.096875
1 0.35859375 0.46015625 0.053125 0.125
1 0.22109375 0.475 0.05625 0.13125
1 0.60703125 0.459375 0.05 0.1296875
1 0.63515625 0.40859375 0.0453125 0.1125
1 0.65546875 0.50703125 0.0640625 0.1484375
1 0.584375 0.4328125 0.05 0.1296875
0 0.31328125 0.6890625 0.084375 0.2328125
0 0.13359375 0.50546875 0.053125 0.1265625
1 0.109375 0.47265625 0.0484375 0.115625
2 0.82265625 0.8734375 0.0390625 0.0625
2 0.89453125 0.728125 0.0328125 0.0484375
2 0.571875 0.5734375 0.0234375 0.040625
2 0.4671875 0.80859375 0.0328125 0.053125
2 0.3625 0.76640625 0.0328125 0.0515625
2 0.78828125 0.559375 0.0234375 0.0375
2 0.628125 0.60625 0.025 0.0359375
3 0.2984375 0.59140625 0.0203125 0.0328125
1 0.5328125 0.35078125 0.0328125 0.084375
1 0.55390625 0.365625 0.0375 0.0921875
2 0.478125 0.50625 0.01875 0.0328125
2 0.78671875 0.47109375 0.01875 0.0265625
3 0.81640625 0.44453125 0.01875 0.028125
2 0.6578125 0.53984375 0.021875 0.0328125
2 0.096875 0.51171875 0.0171875 0.034375
2 0.17578125 0.46640625 0.015625 0.0296875
2 0.21171875 0.425 0.0140625 0.025
2 0.3515625 0.4109375 0.0140625 0.0234375
2 0.2484375 0.4046875 0.0125 0.0234375
2 0.61015625 0.86953125 0.0359375 0.053125
2 0.646875 0.446875 0.015625 0.025
2 0.59921875 0.4078125 0.0140625 0.0234375
2 0.62890625 0.36328125 0.0109375 0.0171875
2 0.5796875 0.37890625 0.0140625 0.0203125