1 0.921875 0.7015625 0.0609375 0.22578125
1 0.7203125 0.6734375 0.05859375 0.2203125
1 0.64453125 0.60625 0.06015625 0.19453125
1 0.81015625 0.6234375 0.0625 0.19375
1 0.775 0.55625 0.04921875 0.1765625
1 0.703125 0.41484375 0.0359375 0.12109375
1 0.67265625 0.4203125 0.0328125 0.11015625
1 0.56953125 0.35390625 0.0296875 0.1046875
1 0.29921875 0.59140625 0.06015625 0.20546875
1 0.32734375 0.48125 0.0421875 0.15625
1 0.225 0.55390625 0.04453125 0.18671875
1 0.1328125 0.41171875 0.04140625 0.13203125
1 0.1625 0.51484375 0.0546875 0.175
1 0.246875 0.36171875 0.03046875 0.11171875
1 0.28203125 0.35703125 0.028125 0.1109375
1 0.3234375 0.353125 0.03125 0.11171875
1 0.3546875 0.3484375 0.0234375 0.10703125
1 0.62734375 0.340625 0.0203125 0.0875
1 0.49296875 0.3171875 0.02109375 0.08828125
2 0.30234375 0.50546875 0.015625 0.0296875
2 0.71953125 0.58125 0.0171875 0.03671875
2 0.928125 0.60703125 0.01953125 0.03671875
2 0.7765625 0.48203125 0.01328125 0.02890625
2 0.246875 0.45234375 0.01328125 0.02734375
2 0.8140625 0.54140625 0.015625 0.0296875
2 0.64921875 0.52578125 0.0171875 0.03203125
2 0.16953125 0.4515625 0.01640625 0.02890625
2 0.32578125 0.4265625 0.01171875 0.02265625
2 0.1375 0.35859375 0.01015625 0.025
2 0.20703125 0.39765625 0.01171875 0.02265625
3 0.1953125 0.4078125 0.0109375 0.021875
2 0.1984375 0.38125 0.01171875 0.02421875
2 0.19140625 0.36328125 0.01015625 0.0234375
2 0.24921875 0.3171875 0.009375 0.02265625
3 0.70859375 0.36328125 0.0109375 0.01875
2 0.64609375 0.38203125 0.01015625 0.01953125
2 0.571875 0.309375 0.00859375 0.015625
2 0.6734375 0.37421875 0.00859375 0.01640625
2 0.06640625 0.40234375 0.01328125 0.03125
2 0.03828125 0.35703125 0.01015625 0.02421875
2 0.28359375 0.31171875 0.00859375 0.021875
2 0.32578125 0.3078125 0.0078125 0.02109375
1 0.375 0.31484375 0.01875 0.08203125
1 0.50703125 0.28359375 0.01875 0.07109375
1 0.65234375 0.3296875 0.02109375 0.0859375