1 0.315625 0.65859375 0.1140625 0.2140625
1 0.21484375 0.628125 0.1046875 0.2
1 0.53984375 0.3453125 0.0578125 0.1125
1 0.68359375 0.37890625 0.0625 0.1328125
1 0.6640625 0.3984375 0.0578125 0.128125
1 0.44921875 0.3140625 0.0390625 0.084375
1 0.13125 0.53828125 0.084375 0.1609375
1 0.22265625 0.41953125 0.0546875 0.1078125
1 0.26484375 0.40546875 0.0515625 0.1078125
1 0.28828125 0.390625 0.0515625 0.1078125
1 1 0.52913081875 0.9975108953125 0.5291901828125 0.988368775 0.49507132656249997 0.9697348640625 0.5000642671875 0.9807310578124999 0.538910396875 0.9723819671875 0.5515956656250001 0.9747375093749999 0.5823089140625 0.983249915625 0.6009242953125 0.9904002953125 0.5969187296875 0.9935347359375 0.608616625 0.9828138750000001 0.6365648 1 0.6814677328125 1 0.52913081875
2 0.98515625 0.5171875 0.028125 0.0421875
1 0.97447630625 0.5813340890625 0.9737392828125 0.5522767875000001 0.9809922609375 0.539885221875 0.9705441234375 0.500892240625 0.9793130234375 0.49854262031249996 0.966887275 0.4872446984375 0.9544568171875 0.45400694843749995 0.93801513125 0.458412484375 0.9442070656249999 0.48809777343749994 0.9370823359375 0.490006840625 0.9351816734374999 0.5114123953124999 0.923042778125 0.498992796875 0.91633785625 0.5112375109375 0.9263101765625 0.522148015625 0.9309396 0.5679241828125 0.9396315515625 0.571864065625 0.9354057078125001 0.5823997000000001 0.9431135656249999 0.6221269375 0.9555953203125 0.6511716875 0.9664538484375 0.6566206625000001 0.9710434921875001 0.6386738515625 0.983833040625 0.6425605984375 0.9826039718749999 0.631396975 0.9951789046874999 0.6081760703125 0.9895653859375001 0.5981872578125 0.9827018578125 0.6010711468750001 0.97447630625 0.5813340890625
2 0.95078125 0.47421875 0.025 0.0375
1 0.78735164375 0.7812040609374999 0.79194533125 0.79632921875 0.8055716625 0.7926780546875001 0.7994639390625 0.77795858125 0.8093598906249999 0.750291865625 0.7869906125 0.6668085859375 0.777251321875 0.6405546375 0.7868402234375 0.6379852984375 0.7837605734374999 0.6224544578125 0.774747209375 0.619096865625 0.7637344109375 0.5941462703125 0.7483727953125 0.5751715374999999 0.741109659375 0.5521025828125 0.72089888125 0.5594422828125001 0.730930278125 0.6029361125 0.7137475734375001 0.6094644421875001 0.717355521875 0.6229294875 0.730646846875 0.6261029234375 0.7278164015625 0.6518764453125 0.738076090625 0.6483687140625001 0.7591710859374999 0.720444540625 0.7565295953125 0.73077351875 0.7666038937499999 0.7502028671875001 0.763986021875 0.7586012796875 0.782809534375 0.7824211171875 0.78735164375 0.7812040609374999
2 0.73828125 0.575 0.028125 0.04375
1 0.755197515625 0.55998555 0.757914834375 0.5653404625 0.7519320078125 0.56694355625 0.7501872546875 0.5795770921875001 0.7532474296875 0.5894023984375 0.7677997359375001 0.602231415625 0.7760857875 0.623582859375 0.7824301375 0.624924403125 0.786097928125 0.6338265234375 0.778102159375 0.6374897374999999 0.7746278906249999 0.6452640578125 0.7835962249999999 0.6595892921875001 0.8089922859374999 0.663429715625 0.8163465343749999 0.6797081984375 0.82607181875 0.6809042015625 0.8323754062500001 0.669330259375 0.827962478125 0.6400976203125001 0.8352538703124999 0.629019375 0.8086475312499999 0.561631578125 0.7994365296875 0.567141165625 0.793964559375 0.559482853125 0.7921009484375 0.549336928125 0.7852762234374999 0.5222712828125 0.7762892203125 0.5094718031250001 0.7671273640625 0.47847012656250004 0.7479823171875 0.48360002656249995 0.7567079859375 0.5177600859375 0.7494013546875 0.5463310875 0.7352071421875 0.5204797125 0.7282754203125 0.5174189109375 0.7337492453125 0.5421609109375 0.74364595625 0.5455921109374999 0.739944259375 0.5557084999999999 0.7418452015625 0.5628029140625 0.755197515625 0.55998555
2 0.7625 0.49921875 0.0296875 0.040625
1 0.7904231140625 0.5558338765624999 0.8000785953125 0.5671028296875 0.8050775734375 0.5642237875 0.8096286656249999 0.5650570874999999 0.8279579859374999 0.6130043421875 0.835533196875 0.6078954296875 0.8377726203125 0.5893337234375 0.83178043125 0.56374025 0.82964436875 0.56438255 0.8268447078125 0.541012784375 0.8299593312500001 0.538638653125 0.8287267484375 0.5297314984375 0.8196852437500001 0.5121397484375 0.8247873203125 0.51179903125 0.8163975875 0.48479521718749996 0.81996009375 0.4787087453125 0.8165865640625001 0.46934887812500004 0.8094592359374999 0.47074545 0.79358479375 0.4524186296875 0.7876831078125 0.43039323593749995 0.77328755625 0.43373732187499997 0.7782659640625 0.45447053750000005 0.7744514890625 0.481152128125 0.7692463109375 0.478954521875 0.7671179593749999 0.47747205 0.7771454765625 0.511664928125 0.7849543999999999 0.520349525 0.7882649390625 0.5348581734375 0.7904231140625 0.5558338765624999
2 0.784375 0.44765625 0.021875 0.0328125
1 0.39216675625 0.4936685640625 0.38969104374999997 0.5020148578125 0.3986959875 0.5121740578125 0.3933921890625 0.512896759375 0.3951211640625 0.5208148578125 0.40981342187500003 0.5287517 0.40365685781250005 0.539481171875 0.4111651765625 0.5675025953125 0.41521239843749996 0.56502125 0.42259439531250004 0.5735199718749999 0.4285312046875 0.595676446875 0.4365227671875 0.5991226984375 0.440100740625 0.605148465625 0.45031082187499993 0.6212707843749999 0.45795316093749994 0.6234137140625 0.45808718437499996 0.5975352203125001 0.46696580625 0.5881717203125 0.46558605468750003 0.581556940625 0.46211411093750004 0.581788796875 0.45299999062499996 0.5507054046875 0.4420540203125 0.52011285625 0.43650072656249994 0.4964567234375 0.4325392375 0.491930615625 0.43028642812499995 0.48205753125 0.42444164687499997 0.4822267390625 0.416532665625 0.457106465625 0.40759945625 0.45600787187499997 0.40395647500000004 0.4630698765625 0.4026823234375 0.46989748125 0.40757146093749996 0.4881439890625 0.404958578125 0.507702209375 0.398884596875 0.49675766093749996 0.39216675625 0.4936685640625
1 0.48557580156249996 0.7514160015625 0.47454409999999997 0.7278309078125 0.47229128906250006 0.7179578234374999 0.4747155625 0.713816 0.4685698484375 0.6938108453125 0.46938517187500006 0.6719404859375 0.455107575 0.6450344390625 0.453430040625 0.632911865625 0.439238175 0.5989983624999999 0.4277746640625 0.5957839671875 0.4190440609375 0.5632009171875 0.40308122968750004 0.5695734890625 0.41057240000000006 0.598996403125 0.40380626875000003 0.614778346875 0.3992009203125 0.618107690625 0.387651678125 0.62190075 0.3908118421875 0.63222915625 0.4000599828125 0.6374340546874999 0.40168292968749997 0.63909453125 0.3963822796875 0.6544838000000001 0.4011825375 0.66507119375 0.40962620312500003 0.6614118234374999 0.4130841515625 0.6772480265625 0.41111512968749997 0.68895079375 0.42015751406249996 0.7109735796875001 0.4215404125 0.7322549265625 0.42792617499999996 0.7326392125 0.4298297609375 0.7412089734375 0.4268848 0.7580623828124999 0.43248638437500003 0.7628474765625 0.4330445125 0.7619994765625 0.43747525 0.7580184734375 0.4465519265625 0.7772382765625 0.4768780890625 0.7907643 0.4831406796875 0.7862924515625 0.4785461796875 0.7588871687500001 0.48557580156249996 0.7514160015625
2 0.41640625 0.58203125 0.025 0.0359375
2 0.29453125 0.5421875 0.021875 0.034375
2 0.20546875 0.55703125 0.025 0.034375
1 0.238022228125 0.5310132249999999 0.24194528593750003 0.54145899375 0.23941138906249998 0.5456370203125 0.240910990625 0.551233609375 0.248394475 0.5697229765625 0.252834178125 0.6020244734375 0.258619465625 0.6204690015625001 0.2589698234375 0.6238741953125 0.26048395 0.638964371875 0.2685509484375 0.6418015015625 0.26841696875 0.5993486781249999 0.2580692640625 0.5586328796875 0.2527738265625 0.5535535140625 0.24226208749999997 0.5048837921875 0.23709161562499997 0.5002708078125 0.23034340625 0.47508615 0.217644871875 0.4769891109375 0.224655284375 0.502103509375 0.2198742375 0.5083832609375001 0.221111634375 0.5140501093750001 0.22959034687500002 0.5152773171875 0.238022228125 0.5310132249999999
2 0.2265625 0.4890625 0.01875 0.028125
2 0.4125 0.48046875 0.0203125 0.0296875
2 0.11875 0.478125 0.021875 0.0359375
2 0.05703125 0.5296875 0.021875 0.034375
1 0.0701476484375 0.5409233640625 0.0783061296875 0.5590554671875 0.0773255109375 0.5620273109375 0.0784895859375 0.5730032656249999 0.08417582031250001 0.5809614515625 0.0890144484375 0.5810194906249999 0.0902561140625 0.58565345 0.0963807453125 0.5867214484375001 0.0994909046875 0.5736971843750001 0.10147431093749999 0.5659414984375 0.0958192953125 0.5457840484375 0.099270125 0.5435048578125 0.0977916171875 0.5389343609374999 0.09473484531250001 0.5379473625 0.09440525625 0.5262962921875001 0.093814625 0.5070394203124999 0.0885577359375 0.502578309375 0.0834227734375 0.48815120468749995 0.0837372046875 0.4817457453125 0.079888246875 0.4683286015625 0.0751382921875 0.4610225671875 0.0701867859375 0.4605432609375 0.0697221515625 0.45028292031249995 0.0644188890625 0.43996454218750003 0.05612943124999999 0.44218569687500003 0.057970778125 0.45568926562499995 0.0530878125 0.459255225 0.05385783125 0.4734973703125 0.05267068125 0.51264573125 0.05433965625 0.5112955 0.0635120109375 0.523737759375 0.062385259375 0.529006334375 0.06556803125 0.538989865625 0.0701476484375 0.5409233640625
2 0.06015625 0.4703125 0.01875 0.0265625
1 0.27157586562499997 0.6033264578125 0.276399715625 0.6097560515625 0.27857647343749997 0.6086212093750001 0.28134294843749996 0.5946419796875 0.2809969671875 0.587564128125 0.283447028125 0.57587600625 0.27932370781250004 0.5593302421875 0.27368602656249996 0.5487060640625 0.2733265046875 0.5427350015625 0.27235874843749996 0.5275500296875 0.2668454234375 0.518547275 0.2680433703125 0.5149167968749999 0.26415521875 0.50272066875 0.2567113578125 0.4865130609375 0.2508274515625 0.48422857812500003 0.24339464375 0.4553316328125 0.23166994531250001 0.45902483906249997 0.238840503125 0.4857857265625 0.2364852265625 0.4897263109375 0.2369185828125 0.498586721875 0.24136572812499998 0.50331128125 0.2520403203125 0.550093359375 0.25675335781249997 0.5537947390625 0.2684067578125 0.6030724546874999 0.27157586562499997 0.6033264578125
2 0.240625 0.47109375 0.01875 0.0296875
0 0.2348688890625 0.5982693640625001 0.238962640625 0.60544616875 0.236691096875 0.614328546875 0.24264519375 0.62266161875 0.24656042656250002 0.6326441625 0.258362778125 0.6697471765625 0.2632814140625 0.6684292328125 0.261997246875 0.6555353687500001 0.2695334078125 0.6524128984375 0.26399300000000003 0.645623725 0.26188145937499996 0.6296420671875 0.253277784375 0.60216201875 0.2511366765625 0.5768114 0.24864101875000003 0.56865480625 0.240921365625 0.5514179312499999 0.2399831796875 0.545601921875 0.243744490625 0.54459408125 0.2385746578125 0.5310866375 0.22995992968749998 0.5162959218750001 0.2243518140625 0.5150407046875001 0.21716771562499998 0.48938660624999997 0.204864353125 0.49323486406250006 0.211056103125 0.5175001171875 0.2072677109375 0.5207215390625 0.20643909374999997 0.5385031140625001 0.2093386265625 0.5400235703125 0.215819709375 0.564211296875 0.2202704953125 0.5657766171875 0.2319730859375 0.58746208125 0.2348688890625 0.5982693640625001
3 0.2140625 0.503125 0.0203125 0.028125
1 0.17726930937500002 0.466847346875 0.1814155046875 0.4697353140625 0.181640896875 0.472674125 0.17765873593749998 0.47774008125 0.18244428906250001 0.49245355 0.1838702625 0.504068278125 0.18635507499999998 0.5039023406250001 0.188381340625 0.5198550265625 0.1957521296875 0.5368749875 0.1995479671875 0.5363577625 0.20018281875000002 0.52719004375 0.207186471875 0.5208146140625 0.2022123421875 0.5001532656250001 0.20677801406250002 0.47943507343749997 0.2037665390625 0.4692449140625 0.2021542421875 0.46217891875 0.20322760468749998 0.4598918421875 0.19829028906249999 0.436221425 0.191534315625 0.433033009375 0.18563633125 0.4131190765625 0.175160403125 0.41492635624999996 0.179659209375 0.43171612968749995 0.17261819375 0.4392587921875 0.1740938015625 0.44870326406250005 0.1727850296875 0.45955116093750004 0.17053788125 0.46165288593750003 0.172424653125 0.4676456015625 0.17726930937500002 0.466847346875
2 0.18359375 0.4265625 0.015625 0.025
2 0.29140625 0.5734375 0.021875 0.0296875
1 0.6078125 0.39453125 0.05 0.0875
2 0.6 0.3640625 0.015625 0.021875
2 0.634375 0.371875 0.0171875 0.021875
2 0.6515625 0.34765625 0.0140625 0.0203125
2 0.61796875 0.30625 0.0140625 0.0203125
0 0.34921875 0.34375 0.0390625 0.0828125
1 0.3482061359375 0.40348473125 0.3440956359375 0.38030676875 0.340231971875 0.376859690625 0.33942821093750003 0.37072506875 0.342087078125 0.368892040625 0.341041534375 0.3665574921875 0.339203084375 0.3651824609375 0.3375405453125 0.3574103046875 0.33278890781250003 0.3467305828125 0.3267607953125 0.3446105234375 0.3247522359375 0.3331957953125 0.320319109375 0.3284071890625 0.316988228125 0.329299696875 0.3145819984375 0.33442678593749997 0.3175885671875 0.34407998281249996 0.3181488609375 0.3461710265625 0.31732844375 0.3493790859375 0.31791961562500004 0.36490888906249996 0.3132830671875 0.36876595 0.3171283921875 0.3737120578125 0.3176886859375 0.37580310156249996 0.32217683125 0.3760946203125 0.32398777343749996 0.37971819687499997 0.32069525468750004 0.385456296875 0.3305262109375 0.41195734218749996 0.3288195046875 0.4157764109375 0.33407304843749996 0.4173569578125 0.3364809625 0.4200735171875 0.3405623109375 0.43085081562500005 0.346876328125 0.4243851328125 0.3455873171875 0.41800700625 0.34852632968749997 0.4172195 0.3485721796875 0.4134719265625 0.3532654296875 0.41296143125 0.3482061359375 0.40348473125
1 0.31827368125 0.3764188625 0.3165561234375 0.37314379375 0.3115260234375 0.369262203125 0.318206125 0.365978159375 0.3163092875 0.353412909375 0.3132293609375 0.34975582968749996 0.3078423859375 0.3351375296875 0.303046584375 0.3360490328125 0.2989794984375 0.3412476203125 0.29916794687500003 0.3497882875 0.29911461250000004 0.3621290265625 0.299834159375 0.36716562656249996 0.29807075156249996 0.3676381296875 0.29768056718749997 0.3755867828125 0.302346309375 0.37732483125 0.3029633046875 0.3827624390625 0.3100036484375 0.405902409375 0.310237946875 0.410695503125 0.31732245312499996 0.42224425 0.319190096875 0.429214390625 0.3227169125 0.4282693828125 0.3215396234375 0.4207407328125 0.3230137140625 0.419972221875 0.3250864625 0.42614035 0.328604109375 0.42594485625 0.32701661249999997 0.4200202375 0.32890091093749996 0.4176476953125 0.330831059375 0.4115275828125 0.3209909359375 0.38577605312499996 0.3243860046875 0.37963694375 0.32140862812500004 0.37557885625 0.31827368125 0.3764188625
2 0.034375 0.51953125 0.0203125 0.0328125
2 0.21015625 0.4546875 0.0171875 0.0265625
2 0.59375 0.41484375 0.01875 0.0265625
3 0.6703125 0.328125 0.0171875 0.025