1 0.51640625 0.87265625 0.1140625 0.2546875
1 0.6984375 0.840625 0.0875 0.271875
1 0.5390625 0.5953125 0.0625 0.190625
1 0.3296875 0.77734375 0.1515625 0.28125
1 0.18203125 0.81875 0.1125 0.315625
1 0.815625 0.66015625 0.0671875 0.1859375
1 0.71953125 0.5984375 0.0546875 0.171875
1 0.621875 0.56328125 0.0546875 0.159375
1 0.3171875 0.47734375 0.053125 0.146875
1 0.1546875 0.56875 0.06875 0.1921875
1 0.09921875 0.421875 0.0421875 0.121875
1 0.11875 0.5234375 0.0609375 0.171875
1 0.06484375 0.434375 0.0515625 0.1390625
1 0.23671875 0.725 0.08125 0.2484375
1 0.25390625 0.50078125 0.0546875 0.153125
1 0.75546875 0.575 0.05 0.1515625
1 0.31953125 0.3765625 0.0328125 0.0953125
1 0.359375 0.38203125 0.0359375 0.103125
1 0.20390625 0.44453125 0.0453125 0.1359375
0 0.07578125 0.84609375 0.096875 0.2421875
3 0.0765625 0.753125 0.03125 0.0515625
2 0.30859375 0.9359375 0.0375 0.0609375
2 0.59296875 0.9734375 0.0390625 0.053125
2 0.52109375 0.778125 0.0296875 0.0546875
2 0.70703125 0.72734375 0.0265625 0.0421875
2 0.72890625 0.52734375 0.015625 0.0265625
2 0.34296875 0.66640625 0.028125 0.0515625
2 0.1890625 0.68828125 0.0265625 0.0484375
0 0.2953125 0.36640625 0.03125 0.0953125
1 0.2671875 0.403125 0.0375 0.1046875
2 0.82578125 0.58515625 0.01875 0.0328125
3 0.24453125 0.61953125 0.0203125 0.0359375
2 0.16875 0.48984375 0.0171875 0.03125
2 0.128125 0.453125 0.015625 0.0296875
2 0.2640625 0.54453125 0.01875 0.0296875
2 0.54375 0.51640625 0.0171875 0.028125
2 0.63046875 0.50078125 0.0140625 0.0265625
2 0.17265625 0.4328125 0.0140625 0.0265625
2 0.15859375 0.43203125 0.0140625 0.0265625
2 0.153125 0.4140625 0.0140625 0.0265625
2 0.3234375 0.4203125 0.0125 0.028125
1 0.59921875 0.3765625 0.028125 0.078125
1 0.58828125 0.35234375 0.021875 0.0703125
1 0.57265625 0.3328125 0.025 0.06875
1 0.39609375 0.36953125 0.0328125 0.09375
1 0.49609375 0.3421875 0.0265625 0.065625
2 0.7609375 0.5125 0.015625 0.025
2 0.6328125 0.45 0.0140625 0.025
2 0.203125 0.703125 0.0140625 0.0453125
1 0.2234375 0.39296875 0.040625 0.121875
2 0.26328125 0.4375 0.015625 0.025
2 0.1046875 0.3734375 0.0125 0.025
2 0.07109375 0.3796875 0.0140625 0.028125
2 0.178125 0.3984375 0.0125 0.021875