1 0.6015625 0.85625 0.08515625 0.2875
1 0.97265625 0.8203125 0.0546875 0.27578125
1 0.92421875 0.73359375 0.08125 0.23203125
1 0.79921875 0.7015625 0.06328125 0.23125
1 0.53125 0.77890625 0.07109375 0.27578125
1 0.3890625 0.725 0.06484375 0.2484375
1 0.2453125 0.62890625 0.06484375 0.2140625
1 0.24921875 0.41875 0.040625 0.134375
1 0.10703125 0.45703125 0.040625 0.1578125
1 0.1765625 0.4703125 0.04296875 0.15234375
1 0.35390625 0.6609375 0.0546875 0.22109375
1 0.35859375 0.52265625 0.046875 0.15703125
1 0.69375 0.534375 0.04609375 0.16640625
1 0.73515625 0.4765625 0.03203125 0.13984375
1 0.59453125 0.38828125 0.03046875 0.11171875
1 0.31328125 0.38359375 0.03203125 0.11015625
1 0.2875 0.5328125 0.034375 0.18125
1 0.1375 0.4328125 0.03125 0.1421875
1 0.6421875 0.4828125 0.03828125 0.08828125
1 0.65625 0.42734375 0.03203125 0.115625
2 0.5375 0.6609375 0.02109375 0.040625
2 0.59296875 0.7375 0.02421875 0.0484375
2 0.80390625 0.60390625 0.01796875 0.0359375
2 0.990625 0.703125 0.01875 0.0421875
2 0.928125 0.63828125 0.02109375 0.040625
2 0.2484375 0.5484375 0.01953125 0.03671875
2 0.3578125 0.56875 0.01796875 0.0359375
2 0.3625 0.45859375 0.0140625 0.03046875
2 0.28515625 0.45703125 0.01328125 0.0296875
3 0.734375 0.41875 0.01328125 0.0234375
2 0.69921875 0.46953125 0.01328125 0.02578125
2 0.6421875 0.45 0.0125 0.02265625
2 0.7125 0.43671875 0.01171875 0.021875
2 0.6109375 0.50078125 0.015625 0.0265625
2 0.65703125 0.3796875 0.009375 0.01875
2 0.10546875 0.39375 0.01328125 0.03125
2 0.140625 0.37578125 0.01171875 0.02734375
2 0.184375 0.40859375 0.0125 0.028125
2 0.24921875 0.36640625 0.01171875 0.0296875
1 0.27109375 0.34453125 0.028125 0.096875
1 0.496875 0.30234375 0.01640625 0.07265625
1 0.575 0.31171875 0.01953125 0.075
2 0.3921875 0.615625 0.01953125 0.03046875
2 0.59609375 0.340625 0.01015625 0.01640625