1 0.3515625 0.871875 0.146875 0.225
1 0.5234375 0.88515625 0.125 0.2296875
1 0.5671875 0.55859375 0.0734375 0.1625
1 0.69140625 0.57890625 0.06875 0.1484375
1 0.6515625 0.57890625 0.0703125 0.15
1 0.63984375 0.70546875 0.0921875 0.2046875
1 0.6609375 0.78359375 0.1109375 0.221875
1 0.196875 0.50625 0.0875 0.184375
0 0.1765625 0.759375 0.121875 0.3046875
0 0.259375 0.40625 0.059375 0.140625
1 0.090625 0.43359375 0.0734375 0.1578125
1 0.07265625 0.3421875 0.0625 0.1265625
1 0.11015625 0.37578125 0.06875 0.1390625
1 0.3078125 0.38828125 0.0578125 0.1234375
1 0.64375 0.4984375 0.053125 0.1171875
1 0.61171875 0.50234375 0.0578125 0.128125
1 0.4890625 0.3796875 0.0390625 0.0875
1 0.36328125 0.38125 0.05 0.1078125
2 0.54375 0.8015625 0.034375 0.0484375
2 0.659375 0.84296875 0.034375 0.05625
2 0.6796875 0.6984375 0.028125 0.0421875
2 0.6609375 0.625 0.021875 0.034375
2 0.35546875 0.80625 0.0390625 0.059375
3 0.20390625 0.63203125 0.028125 0.040625
2 0.23984375 0.5828125 0.0265625 0.0421875
2 0.6375 0.94453125 0.040625 0.059375
2 0.5828125 0.49296875 0.01875 0.0265625
2 0.66953125 0.52265625 0.01875 0.028125
2 0.70625 0.51953125 0.015625 0.0234375
2 0.12421875 0.32109375 0.015625 0.0234375
2 0.04375 0.34375 0.0171875 0.025
2 0.05703125 0.32734375 0.015625 0.025
2 0.0421875 0.32109375 0.015625 0.0234375
2 0.65546875 0.4515625 0.0140625 0.0203125
2 0.625 0.45234375 0.0171875 0.021875
2 0.63671875 0.428125 0.0140625 0.01875
2 0.10703125 0.36953125 0.015625 0.021875
2 0.22734375 0.37265625 0.015625 0.0265625
2 0.21484375 0.43671875 0.0203125 0.034375
3 0.2734375 0.35078125 0.0140625 0.0234375
2 0.3203125 0.34453125 0.0140625 0.0234375