1 0.55078125 0.5703125 0.0765625 0.175
1 0.61484375 0.53515625 0.0640625 0.1421875
1 0.684375 0.5390625 0.0609375 0.1328125
1 0.7203125 0.6296875 0.0796875 0.1671875
1 0.07265625 0.665625 0.1453125 0.284375
1 0.08828125 0.4609375 0.0796875 0.1765625
1 0.27265625 0.4796875 0.071875 0.1625
1 0.13359375 0.5984375 0.096875 0.221875
1 0.2515625 0.40546875 0.059375 0.1328125
1 0.18671875 0.4265625 0.06875 0.15
1 0.61015625 0.85703125 0.1359375 0.2859375
1 0.66328125 0.77265625 0.096875 0.2234375
1 0.2296875 0.375 0.0578125 0.1328125
0 0.13515625 0.78671875 0.1234375 0.2953125
1 0.70078125 0.59296875 0.065625 0.153125
1 0.63125 0.9328125 0.128125 0.134375
1 0.46796875 0.9140625 0.1171875 0.171875
2 0.4671875 0.86015625 0.040625 0.0578125
2 0.6359375 0.90625 0.0421875 0.0671875
2 0.63046875 0.74375 0.03125 0.05
2 0.68046875 0.684375 0.028125 0.0421875
2 0.17421875 0.83828125 0.0484375 0.065625
2 0.196875 0.83515625 0.0421875 0.0703125
1 0.19296875 0.728125 0.1203125 0.2734375
2 0.21015625 0.61796875 0.0296875 0.0453125
2 0.06640625 0.5640625 0.0328125 0.0515625
2 0.2859375 0.41796875 0.0171875 0.0328125
2 0.7359375 0.565625 0.01875 0.0296875
2 0.56484375 0.5 0.01875 0.028125
3 0.1578125 0.66875 0.03125 0.046875
3 0.15078125 0.5078125 0.01875 0.0328125
2 0.17109375 0.4359375 0.0203125 0.028125
2 0.109375 0.3921875 0.01875 0.028125
2 0.13203125 0.365625 0.0171875 0.0234375
2 0.11796875 0.3625 0.015625 0.025
2 0.103125 0.340625 0.0171875 0.025
2 0.715625 0.53203125 0.0171875 0.025
2 0.69765625 0.48671875 0.015625 0.021875
1 0.64375 0.43515625 0.04375 0.096875
2 0.6359375 0.4390625 0.015625 0.021875
2 0.628125 0.4796875 0.0171875 0.025
2 0.2390625 0.33125 0.0140625 0.0265625
2 0.20234375 0.36640625 0.0171875 0.0234375
1 0.34453125 0.37578125 0.0515625 0.1140625
1 0.38984375 0.36875 0.046875 0.1
1 0.6125 0.37109375 0.0421875 0.090625
2 0.12265625 0.32578125 0.015625 0.021875
2 0.26484375 0.35546875 0.015625 0.0265625
2 0.6546875 0.39765625 0.0109375 0.0171875