1 0.7203125 0.85859375 0.06875 0.2828125
1 0.53203125 0.6078125 0.0515625 0.196875
1 0.18984375 0.853125 0.0890625 0.29375
1 0.303125 0.79296875 0.06328125 0.2671875
1 0.87421875 0.66015625 0.0546875 0.19609375
1 0.7921875 0.57734375 0.04296875 0.1625
1 0.73515625 0.5921875 0.04375 0.1765625
1 0.63125 0.57109375 0.04375 0.1640625
1 0.4484375 0.88984375 0.096875 0.2203125
1 0.478125 0.80625 0.12109375 0.27734375
1 0.3328125 0.47734375 0.0375 0.13828125
1 0.30078125 0.53984375 0.04609375 0.1578125
1 0.19765625 0.6265625 0.05703125 0.20390625
1 0.1359375 0.57578125 0.04921875 0.17578125
1 0.2265625 0.47578125 0.04453125 0.1359375
1 0.1125 0.4578125 0.0359375 0.1328125
1 0.14296875 0.4359375 0.03203125 0.11328125
1 0.26875 0.41875 0.0265625 0.11484375
2 0.4546875 0.8109375 0.0265625 0.05703125
2 0.71875 0.73828125 0.025 0.04140625
2 0.47734375 0.6921875 0.0234375 0.04921875
2 0.53203125 0.52421875 0.01640625 0.0296875
2 0.1828125 0.73125 0.02421875 0.046875
2 0.884375 0.57890625 0.015625 0.03359375
2 0.3046875 0.475 0.0140625 0.028125
2 0.13828125 0.5015625 0.0140625 0.0296875
1 0.6296875 0.41640625 0.0265625 0.09296875
1 0.58828125 0.371875 0.0234375 0.078125
1 0.571875 0.3453125 0.0171875 0.07265625
1 0.55390625 0.3265625 0.01953125 0.06875
1 0.35859375 0.38359375 0.02578125 0.1
1 0.32734375 0.38203125 0.02578125 0.09140625
0 0.29296875 0.37890625 0.02109375 0.08828125
0 0.03046875 0.8921875 0.0609375 0.215625
1 0.29025631406249996 0.6413798359375 0.29001648593749996 0.64991143125 0.2854597640625 0.65204433125 0.286179246875 0.6580164468749999 0.2974511390625 0.6592961875000001 0.3017680328125 0.660149346875 0.3065645828125 0.6614290859375 0.3101619953125 0.6695341015625 0.3113611328125 0.681904915625 0.3101619953125 0.6955264 0.3207144046875 0.70277825625 0.331506640625 0.7279464640625 0.3312668140625 0.74842229375 0.32694991875 0.762499428125 0.3262304359375 0.7821220984374999 0.3298278484375 0.7821220984374999 0.3300676765625 0.7757234015625001 0.333904915625 0.775296821875 0.3468556 0.745862815625 0.3355837078125 0.7300793624999999 0.3334252609375 0.7351983203125 0.33510405312499997 0.7078972140625 0.3367828453125 0.693451640625 0.3312668140625 0.6687100125 0.3322261234375 0.6601784171875 0.338701465625 0.6623113140625 0.34062008593750004 0.643968384375 0.33246595156250003 0.6119748984375 0.32335250625 0.608988840625 0.3262304359375 0.60259014375 0.3264702640625 0.5808345734375 0.309381478125 0.5793481984375 0.3099221671875 0.6089597703125 0.304885790625 0.6115192484375 0.29025631406249996 0.6413798359375
3 0.30234375 0.67890625 0.01796875 0.0375
1 0.3921875 0.3703125 0.02421875 0.0875
3 0.01015625 0.81171875 0.0203125 0.0546875
2 0.19765625 0.7453125 0.01875 0.04765625
2 0.203125 0.54140625 0.015625 0.03359375
2 0.1890625 0.471875 0.01328125 0.02421875
2 0.17265625 0.47109375 0.01328125 0.0265625
2 0.171875 0.4484375 0.01171875 0.021875
2 0.196875 0.43203125 0.01171875 0.021875
2 0.634375 0.503125 0.01640625 0.028125
2 0.73671875 0.5171875 0.01484375 0.0265625
2 0.79296875 0.51015625 0.0140625 0.0265625
2 0.63359375 0.44921875 0.0125 0.02421875
3 0.05 0.48359375 0.0140625 0.03046875
1 0.03125 0.45703125 0.03984375 0.109375
2 0.0375 0.415625 0.01328125 0.0265625
2 0.31796875 0.59375 0.0171875 0.02734375
2 0.14609375 0.39140625 0.009375 0.0234375
2 0.334375 0.42109375 0.0109375 0.0265625