1 0.67578125 0.83671875 0.128125 0.284375
1 0.49375 0.8921875 0.14375 0.215625
1 0.88203125 0.71171875 0.115625 0.2703125
1 0.5140625 0.8140625 0.115625 0.26875
1 0.4484375 0.58984375 0.0828125 0.2
1 0.309375 0.73046875 0.1109375 0.2515625
1 0.78828125 0.62109375 0.1046875 0.2203125
1 0.728125 0.54765625 0.0765625 0.190625
1 0.759375 0.459375 0.065625 0.1453125
1 0.4328125 0.765625 0.1078125 0.2609375
1 0.3609375 0.53671875 0.075 0.171875
1 0.61171875 0.40703125 0.05 0.1171875
1 0.153125 0.4921875 0.0609375 0.1359375
1 0.1890625 0.4734375 0.0546875 0.1359375
1 0.26484375 0.4921875 0.0625 0.1421875
1 0.2234375 0.42578125 0.05 0.11875
1 0.58515625 0.39296875 0.0484375 0.1203125
1 0.3484375 0.403125 0.0453125 0.10625
2 0.47109375 0.81875 0.034375 0.0515625
2 0.41484375 0.66015625 0.025 0.0421875
2 0.66328125 0.721875 0.0328125 0.046875
2 0.43828125 0.5109375 0.0203125 0.0375
2 0.8671875 0.60078125 0.028125 0.0421875
2 0.2984375 0.63984375 0.0265625 0.0453125
2 0.30390625 0.5203125 0.0203125 0.0328125
2 0.35234375 0.46875 0.0171875 0.0265625
2 0.6421875 0.3828125 0.0140625 0.0234375
2 0.72578125 0.4734375 0.01875 0.03125
2 0.49921875 0.70078125 0.0265625 0.0359375
2 0.61953125 0.525 0.021875 0.034375
2 0.6453125 0.46171875 0.01875 0.0265625
2 0.77578125 0.54921875 0.0203125 0.034375
3 0.2875 0.5375 0.0203125 0.03125
1 0.55 0.321875 0.0328125 0.0828125
1 0.5890625 0.303125 0.028125 0.0703125
1 0.328125 0.365625 0.04375 0.1015625
2 0.725 0.42265625 0.015625 0.0234375
3 0.7546875 0.4015625 0.01875 0.0265625