1 0.82265625 0.86171875 0.0859375 0.2765625
1 0.6859375 0.81171875 0.0625 0.28046875
1 0.63515625 0.77890625 0.06015625 0.24609375
0 0.271875 0.74140625 0.053125 0.26953125
1 0.06484375 0.53671875 0.04375 0.16875
0 0.16875 0.496875 0.0390625 0.15625
1 0.2265625 0.4609375 0.0375 0.13203125
1 0.1375 0.48515625 0.03984375 0.15078125
1 0.2796875 0.43203125 0.0328125 0.11796875
1 0.65546875 0.571875 0.03828125 0.159375
1 0.59453125 0.4953125 0.0328125 0.14140625
1 0.43359375 0.40390625 0.02578125 0.1
1 0.89609375 0.67109375 0.05625 0.19296875
1 0.73046875 0.69140625 0.059375 0.22109375
1 0.665625 0.4796875 0.03203125 0.12265625
2 0.82890625 0.75078125 0.0234375 0.04296875
2 0.68828125 0.69375 0.021875 0.04296875
2 0.63671875 0.67421875 0.02109375 0.03828125
2 0.69609375 0.5640625 0.015625 0.0328125
2 0.73515625 0.6 0.01796875 0.03828125
1 0.5546875 0.76953125 0.078125 0.146875
2 0.55 0.72578125 0.02421875 0.0390625
2 0.284375 0.58203125 0.01640625 0.03671875
2 0.90703125 0.59375 0.0171875 0.028125
1 0.92421875 0.640625 0.02578125 0.18828125
2 0.92578125 0.56171875 0.0140625 0.02890625
3 0.2734375 0.62578125 0.01953125 0.0359375
2 0.65625 0.5046875 0.01328125 0.025
2 0.66875 0.42890625 0.009375 0.01953125
2 0.06953125 0.46875 0.0140625 0.03125
3 0.16953125 0.43046875 0.01015625 0.0234375
2 0.228125 0.40859375 0.009375 0.025
2 0.5953125 0.4359375 0.0109375 0.0203125
2 0.6140625 0.42421875 0.01015625 0.0203125
1 0.30390625 0.40859375 0.02578125 0.11171875
1 0.56796875 0.3359375 0.01953125 0.0640625
1 0.39140625 0.37578125 0.02890625 0.08125
1 0.34765625 0.39296875 0.02265625 0.10234375