1 0.58515625 0.60625 0.078125 0.190625
1 0.88203125 0.7328125 0.0796875 0.225
1 0.91015625 0.928125 0.1078125 0.14375
1 0.7 0.6765625 0.078125 0.2125
1 0.75 0.63828125 0.0734375 0.190625
1 0.71328125 0.44140625 0.0484375 0.1234375
1 0.5765625 0.36953125 0.040625 0.10625
1 0.09921875 0.390625 0.053125 0.1359375
1 0.1390625 0.47421875 0.071875 0.1765625
1 0.1953125 0.5140625 0.0671875 0.18125
1 0.28515625 0.45078125 0.0609375 0.153125
1 0.24609375 0.55078125 0.0734375 0.2
1 0.25234375 0.353125 0.04375 0.1171875
1 0.284375 0.35 0.040625 0.1140625
1 0.33515625 0.35546875 0.0421875 0.11875
1 0.49765625 0.33515625 0.03125 0.09375
1 0.66171875 0.3515625 0.0296875 0.0859375
2 0.70859375 0.5921875 0.01875 0.0375
2 0.8984375 0.64140625 0.0203125 0.0375
2 0.94921875 0.89609375 0.0296875 0.0625
2 0.196875 0.9390625 0.0453125 0.0671875
2 0.25703125 0.46796875 0.0171875 0.0296875
2 0.23671875 0.421875 0.015625 0.0265625
2 0.5953125 0.52890625 0.01875 0.0328125
2 0.7671875 0.50234375 0.015625 0.0265625
2 0.153125 0.4125 0.0171875 0.0296875
2 0.178125 0.34765625 0.015625 0.025
2 0.11015625 0.33984375 0.0140625 0.0296875
3 0.190625 0.3765625 0.0140625 0.0234375
2 0.2875 0.4 0.0140625 0.025
2 0.259375 0.3078125 0.0109375 0.0234375
2 0.76484375 0.5609375 0.0171875 0.0296875
1 0.67109375 0.4390625 0.0453125 0.109375
1 0.63046875 0.3515625 0.0265625 0.08125
1 0.5265625 0.3015625 0.0265625 0.0734375
3 0.72265625 0.3921875 0.0125 0.021875
2 0.67578125 0.3953125 0.0125 0.01875
2 0.64609375 0.39375 0.0109375 0.0171875
2 0.62578125 0.3828125 0.0109375 0.01875
2 0.6265625 0.42421875 0.0125 0.021875
2 0.20546875 0.4359375 0.015625 0.01875
2 0.340625 0.3078125 0.0109375 0.021875