1 0.32421875 0.83671875 0.128125 0.284375
1 0.50625 0.8921875 0.14375 0.215625
1 0.11796875 0.71171875 0.115625 0.2703125
1 0.4859375 0.8140625 0.115625 0.26875
1 0.5515625 0.58984375 0.0828125 0.2
1 0.690625 0.73046875 0.1109375 0.2515625
1 0.21171875 0.62109375 0.1046875 0.2203125
1 0.271875 0.54765625 0.0765625 0.190625
1 0.240625 0.459375 0.065625 0.1453125
1 0.5671875 0.765625 0.1078125 0.2609375
1 0.6390625 0.53671875 0.075 0.171875
1 0.38828125 0.40703125 0.05 0.1171875
1 0.846875 0.4921875 0.0609375 0.1359375
1 0.8109375 0.4734375 0.0546875 0.1359375
1 0.73515625 0.4921875 0.0625 0.1421875
1 0.7765625 0.42578125 0.05 0.11875
1 0.41484375 0.39296875 0.0484375 0.1203125
1 0.6515625 0.403125 0.0453125 0.10625
2 0.52890625 0.81875 0.034375 0.0515625
2 0.58515625 0.66015625 0.025 0.0421875
2 0.33671875 0.721875 0.0328125 0.046875
2 0.56171875 0.5109375 0.0203125 0.0375
2 0.1328125 0.60078125 0.028125 0.0421875
2 0.7015625 0.63984375 0.0265625 0.0453125
2 0.69609375 0.5203125 0.0203125 0.0328125
2 0.64765625 0.46875 0.0171875 0.0265625
2 0.3578125 0.3828125 0.0140625 0.0234375
2 0.27421875 0.4734375 0.01875 0.03125
2 0.50078125 0.70078125 0.0265625 0.0359375
2 0.38046875 0.525 0.021875 0.034375
2 0.3546875 0.46171875 0.01875 0.0265625
2 0.22421875 0.54921875 0.0203125 0.034375
3 0.7125 0.5375 0.0203125 0.03125
1 0.45 0.321875 0.0328125 0.0828125
1 0.4109375 0.303125 0.028125 0.0703125
1 0.671875 0.365625 0.04375 0.1015625
2 0.275 0.42265625 0.015625 0.0234375
3 0.2453125 0.4015625 0.01875 0.0265625