1 0.48359375 0.87265625 0.1140625 0.2546875
1 0.3015625 0.840625 0.0875 0.271875
1 0.4609375 0.5953125 0.0625 0.190625
1 0.6703125 0.77734375 0.1515625 0.28125
1 0.81796875 0.81875 0.1125 0.315625
1 0.184375 0.66015625 0.0671875 0.1859375
1 0.28046875 0.5984375 0.0546875 0.171875
1 0.378125 0.56328125 0.0546875 0.159375
1 0.6828125 0.47734375 0.053125 0.146875
1 0.8453125 0.56875 0.06875 0.1921875
1 0.90078125 0.421875 0.0421875 0.121875
1 0.88125 0.5234375 0.0609375 0.171875
1 0.93515625 0.434375 0.0515625 0.1390625
1 0.76328125 0.725 0.08125 0.2484375
1 0.74609375 0.50078125 0.0546875 0.153125
1 0.24453125 0.575 0.05 0.1515625
1 0.68046875 0.3765625 0.0328125 0.0953125
1 0.640625 0.38203125 0.0359375 0.103125
1 0.79609375 0.44453125 0.0453125 0.1359375
0 0.92421875 0.84609375 0.096875 0.2421875
3 0.9234375 0.753125 0.03125 0.0515625
2 0.69140625 0.9359375 0.0375 0.0609375
2 0.40546875 0.9734375 0.0390625 0.053125
2 0.47890625 0.778125 0.0296875 0.0546875
2 0.29296875 0.72734375 0.0265625 0.0421875
2 0.27109375 0.52734375 0.015625 0.0265625
2 0.65703125 0.66640625 0.028125 0.0515625
2 0.8109375 0.68828125 0.0265625 0.0484375
0 0.7046875 0.36640625 0.03125 0.0953125
1 0.7328125 0.403125 0.0375 0.1046875
2 0.17421875 0.58515625 0.01875 0.0328125
3 0.75546875 0.61953125 0.0203125 0.0359375
2 0.83125 0.48984375 0.0171875 0.03125
2 0.871875 0.453125 0.015625 0.0296875
2 0.7359375 0.54453125 0.01875 0.0296875
2 0.45625 0.51640625 0.0171875 0.028125
2 0.36953125 0.50078125 0.0140625 0.0265625
2 0.82734375 0.4328125 0.0140625 0.0265625
2 0.84140625 0.43203125 0.0140625 0.0265625
2 0.846875 0.4140625 0.0140625 0.0265625
2 0.6765625 0.4203125 0.0125 0.028125
1 0.40078125 0.3765625 0.028125 0.078125
1 0.41171875 0.35234375 0.021875 0.0703125
1 0.42734375 0.3328125 0.025 0.06875
1 0.60390625 0.36953125 0.0328125 0.09375
1 0.50390625 0.3421875 0.0265625 0.065625
2 0.2390625 0.5125 0.015625 0.025
2 0.3671875 0.45 0.0140625 0.025
2 0.796875 0.703125 0.0140625 0.0453125
1 0.7765625 0.39296875 0.040625 0.121875
2 0.73671875 0.4375 0.015625 0.025
2 0.8953125 0.3734375 0.0125 0.025
2 0.92890625 0.3796875 0.0140625 0.028125
2 0.821875 0.3984375 0.0125 0.021875