1 0.51953125 0.87265625 0.0921875 0.2546875
1 0.42734375 0.77421875 0.06640625 0.27109375
1 0.37421875 0.70390625 0.059375 0.2375
1 0.81875 0.7375 0.06796875 0.2484375
1 0.575 0.82890625 0.0796875 0.2953125
1 0.39765625 0.5546875 0.05 0.1859375
1 0.26015625 0.65703125 0.06796875 0.22890625
1 0.2296875 0.45859375 0.0421875 0.14296875
1 0.134375 0.4453125 0.03984375 0.15
1 0.27890625 0.40703125 0.03828125 0.12734375
1 0.34765625 0.3796875 0.02890625 0.1078125
1 0.646875 0.5015625 0.0375 0.09140625
1 0.75 0.49140625 0.02890625 0.14375
1 0.6015625 0.39609375 0.0328125 0.11640625
1 0.32578125 0.49609375 0.04375 0.159375
1 0.1703125 0.4234375 0.03125 0.13515625
1 0.6984375 0.634375 0.0484375 0.2015625
1 0.6390625 0.41328125 0.0265625 0.10859375
1 0.659375 0.44140625 0.03125 0.1234375
1 0.96953125 0.75 0.06015625 0.2171875
1 0.9796875 0.84375 0.040625 0.271875
2 0.51484375 0.7734375 0.025 0.05390625
2 0.58046875 0.7015625 0.0234375 0.04375
2 0.37578125 0.603125 0.01796875 0.034375
2 0.4015625 0.47734375 0.0140625 0.03125
2 0.265625 0.57109375 0.01953125 0.0375
2 0.82421875 0.6328125 0.01953125 0.03828125
2 0.61171875 0.521875 0.01640625 0.02734375
2 0.72265625 0.4484375 0.01171875 0.021875
3 0.27421875 0.484375 0.0125 0.02421875
2 0.32890625 0.43125 0.01328125 0.0265625
1 0.3015625 0.54765625 0.0390625 0.18671875
2 0.296875 0.46796875 0.0140625 0.02734375
2 0.17421875 0.36796875 0.0109375 0.02421875
2 0.134375 0.38359375 0.01015625 0.028125
2 0.69296875 0.5625 0.01484375 0.0296875
3 0.75 0.43203125 0.0140625 0.02421875
2 0.7140625 0.48828125 0.0125 0.025
2 0.64765625 0.46796875 0.01171875 0.02265625
2 0.659375 0.390625 0.01015625 0.02109375
2 0.23359375 0.4 0.0109375 0.0265625
2 0.2796875 0.35703125 0.0109375 0.02578125
1 0.62421875 0.3125 0.01796875 0.06953125
1 0.57890625 0.3203125 0.021875 0.0765625
2 0.63828125 0.36796875 0.01015625 0.0171875
2 0.43125 0.6546875 0.01953125 0.0328125
2 0.9890625 0.66171875 0.021875 0.0421875
1 0.49453125 0.29921875 0.01484375 0.07265625