1 0.90390625 0.51875 0.09609375 0.30546875
1 0.553125 0.48671875 0.04765625 0.18125
1 0.74921875 0.5109375 0.0640625 0.23671875
1 0.46796875 0.49375 0.04140625 0.18515625
1 0.34140625 0.48984375 0.046875 0.16640625
1 0.28515625 0.475 0.0296875 0.125
0 0.253125 0.50625 0.0375 0.1828125
0 0.178125 0.5 0.03046875 0.15078125
2 0.90390625 0.39453125 0.03203125 0.0546875
2 0.54765625 0.41484375 0.01953125 0.03828125
2 0.73984375 0.41640625 0.02265625 0.04921875
2 0.715625 0.41953125 0.01953125 0.03984375
2 0.46015625 0.41953125 0.01640625 0.03515625
2 0.28515625 0.425 0.0140625 0.0265625