0 0.7734375 0.50078125 0.040625 0.1640625
1 0.23515625 0.51171875 0.090625 0.2578125
1 0.31796875 0.4828125 0.0703125 0.225
1 0.11015625 0.53515625 0.1390625 0.384375
1 0.52578125 0.4703125 0.046875 0.1546875
1 0.41171875 0.47890625 0.0578125 0.1828125
1 0.68828125 0.51640625 0.0546875 0.190625
2 0.1265625 0.38046875 0.0359375 0.0671875
2 0.14765625 0.38125 0.0265625 0.06875
2 0.246875 0.409375 0.0296875 0.046875
2 0.69296875 0.4421875 0.0203125 0.0375
2 0.321875 0.3921875 0.0203125 0.0390625
1 0.61171875 0.4765625 0.0359375 0.153125