1 0.27734375 0.4109375 0.05625 0.11875
1 0.33515625 0.425 0.05625 0.1109375
1 0.3875 0.43515625 0.0546875 0.1140625
1 0.7421875 0.603125 0.171875 0.35
1 0.65546875 0.49921875 0.084375 0.1703125
1 0.58984375 0.47890625 0.0703125 0.140625
1 0.48515625 0.48515625 0.1015625 0.2
1 0.53359375 0.4703125 0.0671875 0.1359375
2 0.7609375 0.46484375 0.0421875 0.065625
2 0.66640625 0.43515625 0.0203125 0.0328125
2 0.59921875 0.42421875 0.0171875 0.025
2 0.50078125 0.41015625 0.0234375 0.0390625
2 0.5453125 0.41875 0.0171875 0.0265625
2 0.28828125 0.36640625 0.0171875 0.0265625
0 0.1734375 0.39453125 0.0625 0.14375