0 0.8109375 0.50390625 0.121875 0.3015625
0 0.71015625 0.49609375 0.0765625 0.2234375
0 0.52421875 0.60390625 0.1609375 0.428125
1 0.3796875 0.5796875 0.1359375 0.3203125
1 0.30859375 0.56328125 0.1203125 0.290625
1 0.23984375 0.61484375 0.1609375 0.3703125
0 0.21640625 0.80078125 0.0015625 0.0046875
3 0.79375 0.38203125 0.03125 0.0546875
3 0.696875 0.40546875 0.025 0.0390625
2 0.528125 0.42265625 0.028125 0.0515625
2 0.3640625 0.4546875 0.0375 0.065625
2 0.3015625 0.44921875 0.034375 0.059375
2 0.228125 0.4765625 0.0484375 0.0734375
2 0.20403334375 0.4399713078125 0.1908719109375 0.44229202343749996 0.18513604374999998 0.4521704390625 0.1850090390625 0.4640155359375 0.1872152 0.4749566203125 0.19215985625 0.488863121875 0.197120390625 0.5012889859375 0.2044250984375 0.5034492562499999 0.2110399984375 0.5032680968750001 0.2139738671875 0.4963468125 0.2149115375 0.49224057656250003 0.21128914375000002 0.471696959375 0.2087191296875 0.469687059375 0.21096318749999998 0.46042434375 0.213844565625 0.4500640265625 0.20749340312500003 0.44231688281250003 0.20403334375 0.4399713078125
3 0.50546875 0.425 0.034375 0.0640625