1 0.0859375 0.5265625 0.0953125 0.2453125
1 0.27421875 0.4859375 0.0734375 0.18125
1 0.378125 0.52265625 0.1015625 0.2625
1 0.72578125 0.465625 0.0546875 0.1484375
1 0.5203125 0.46875 0.0546875 0.1453125
1 0.64609375 0.45 0.046875 0.1265625
1 0.48359375 0.46640625 0.0484375 0.1375
1 0.45078125 0.4734375 0.04375 0.1703125
0 0.80703125 0.4609375 0.0453125 0.1515625
2 0.0859375 0.42890625 0.0296875 0.046875
2 0.2703125 0.41328125 0.0203125 0.03125
2 0.37109375 0.41875 0.028125 0.0484375
2 0.44140625 0.40390625 0.015625 0.028125
1 0.5171875 0.41171875 0.0140625 0.028125
2 0.48515625 0.4125 0.0140625 0.0265625
2 0.7203125 0.409375 0.01875 0.03125