1 0.10234375 0.575 0.1375 0.315625
1 0.4453125 0.49453125 0.071875 0.1859375
1 0.2546875 0.5453125 0.096875 0.24375
1 0.53046875 0.4890625 0.0671875 0.1890625
1 0.65546875 0.46796875 0.0703125 0.171875
1 0.709375 0.4453125 0.046875 0.128125
0 0.7453125 0.471875 0.0625 0.1859375
0 0.81875 0.45546875 0.0515625 0.153125
2 0.08515625 0.4515625 0.0390625 0.059375
2 0.440625 0.42265625 0.025 0.040625
2 0.25078125 0.45078125 0.0296875 0.0515625
2 0.275 0.45 0.025 0.0421875
2 0.528125 0.41484375 0.021875 0.0375
2 0.70234375 0.39609375 0.0171875 0.028125