0 0.80078125 0.57890625 0.0921875 0.2984375
0 0.7046875 0.546875 0.0546875 0.221875
0 0.4984375 0.60625 0.11875 0.4234375
1 0.3640625 0.5484375 0.1046875 0.315625
1 0.29921875 0.51484375 0.0921875 0.2875
1 0.2203125 0.5484375 0.125 0.3640625
0 0.15234375 0.7234375 0.0015625 0.0046875
3 0.81328125 0.45703125 0.0265625 0.0515625
3 0.7140625 0.45625 0.021875 0.0375
2 0.54609375 0.43203125 0.0234375 0.05
2 0.37890625 0.4234375 0.03125 0.0640625
2 0.31953125 0.403125 0.028125 0.0578125
2 0.2421875 0.41171875 0.0421875 0.071875
2 0.2273470734375 0.3701536015625 0.214015159375 0.36922134375 0.20605986718749997 0.3774186953125 0.20307104687500002 0.3888812171875 0.2025647859375 0.4000310234375 0.2039982796875 0.41472066406249997 0.2058053765625 0.42797748750000003 0.21237048593750002 0.4318407578125 0.218832721875 0.43326526875000004 0.22335385156249998 0.42725934218750006 0.2252570578125 0.4235019234375 0.22671221406250003 0.40269220156249996 0.22470478124999999 0.4001202640625 0.229123034375 0.3916755765625 0.23442520937500003 0.38232007343749996 0.2301369078125 0.3732665671875 0.2273470734375 0.3701536015625
3 0.5234375 0.42890625 0.0296875 0.0625