1 0.9140625 0.47578125 0.0828125 0.2421875
1 0.721875 0.45859375 0.0640625 0.1796875
1 0.6234375 0.50703125 0.0890625 0.259375
1 0.271875 0.49296875 0.046875 0.146875
1 0.4765625 0.47109375 0.0484375 0.14375
1 0.3484375 0.46875 0.040625 0.125
1 0.51171875 0.4640625 0.040625 0.1359375
1 0.54609375 0.46796875 0.0359375 0.1703125
0 0.190625 0.4984375 0.0375 0.1515625
2 0.90234375 0.37890625 0.028125 0.0453125
2 0.7171875 0.3859375 0.01875 0.03125
2 0.61796875 0.40390625 0.025 0.046875
2 0.54609375 0.39765625 0.015625 0.028125
1 0.471875 0.4140625 0.0140625 0.028125
2 0.50390625 0.41171875 0.0140625 0.0265625
2 0.2703125 0.43671875 0.0171875 0.03125