1 0.2609375 0.4796875 0.0359375 0.115625
1 0.3203125 0.4765625 0.0375 0.1078125
1 0.3734375 0.4703125 0.034375 0.1125
1 0.76171875 0.52734375 0.1109375 0.3421875
1 0.6484375 0.45390625 0.0546875 0.165625
1 0.5796875 0.45390625 0.0453125 0.1375
1 0.48125 0.48984375 0.065625 0.1953125
1 0.5234375 0.46171875 0.0421875 0.1328125
2 0.7390625 0.390625 0.03125 0.0609375
2 0.640625 0.3890625 0.015625 0.03125
2 0.57265625 0.3984375 0.0125 0.0234375
2 0.47421875 0.4140625 0.0171875 0.0375
2 0.51953125 0.409375 0.0125 0.025
2 0.25859375 0.434375 0.0125 0.025
0 0.15703125 0.49453125 0.0375 0.1421875