1 0.2625 0.4671875 0.0296875 0.11484375
1 0.321875 0.4671875 0.03125 0.10625
1 0.375 0.4640625 0.028125 0.1109375
1 0.76015625 0.54140625 0.09296875 0.3375
1 0.65078125 0.46171875 0.04609375 0.1640625
1 0.58203125 0.4578125 0.03828125 0.1359375
1 0.48203125 0.4890625 0.05625 0.1921875
1 0.52578125 0.46328125 0.0359375 0.13046875
2 0.74453125 0.403125 0.02890625 0.06015625
2 0.64609375 0.396875 0.01328125 0.03125
2 0.578125 0.40234375 0.01171875 0.0234375
2 0.47890625 0.4125 0.015625 0.03671875
2 0.52421875 0.41015625 0.01171875 0.025
2 0.2625 0.421875 0.0109375 0.02421875
0 0.1578125 0.4765625 0.0296875 0.140625