0 0.2265625 0.49140625 0.034375 0.1625
1 0.7640625 0.52109375 0.08125 0.25546875
1 0.6828125 0.4890625 0.06328125 0.22265625
1 0.88828125 0.5484375 0.12578125 0.38046875
1 0.475 0.46953125 0.0421875 0.153125
1 0.5890625 0.48203125 0.0515625 0.18125
1 0.3109375 0.51015625 0.04765625 0.1890625
2 0.87734375 0.39375 0.03359375 0.065625
2 0.85625 0.39375 0.0234375 0.06796875
2 0.75625 0.41796875 0.02734375 0.0453125
2 0.309375 0.43515625 0.01875 0.0375
2 0.68203125 0.3984375 0.01875 0.03828125
1 0.3890625 0.47265625 0.03125 0.1515625