0 0.2265625 0.515625 0.0484375 0.165625
1 0.76484375 0.49765625 0.103125 0.2609375
1 0.68125 0.4734375 0.0828125 0.2265625
1 0.89140625 0.5140625 0.1578125 0.390625
1 0.47265625 0.471875 0.0546875 0.15625
1 0.5875 0.47421875 0.0671875 0.184375
1 0.3125 0.5265625 0.0640625 0.1921875
2 0.86640625 0.3609375 0.0390625 0.06875
2 0.8453125 0.36328125 0.0296875 0.0703125
2 0.7484375 0.39609375 0.03125 0.046875
2 0.3046875 0.45234375 0.021875 0.0390625
2 0.67265625 0.3828125 0.021875 0.0390625
1 0.38671875 0.4828125 0.04375 0.153125