1 0.6734375 0.515625 0.06640625 0.240625
1 0.91796875 0.5703125 0.128125 0.41328125
1 0.828125 0.5 0.06796875 0.221875
1 0.57734375 0.58046875 0.11015625 0.37578125
1 0.48125 0.5078125 0.04765625 0.19296875
0 0.1640625 0.52734375 0.05 0.21328125
0 0.23125 0.5125 0.0375 0.178125
0 0.32890625 0.5421875 0.053125 0.2578125
1 0.38984375 0.51328125 0.03984375 0.18359375
2 0.56953125 0.42734375 0.03125 0.07421875
2 0.90546875 0.4046875 0.04375 0.07890625
2 0.4765625 0.4328125 0.021875 0.03984375
2 0.49296875 0.43125 0.015625 0.0375
3 0.3203125 0.43515625 0.0171875 0.04296875
3 0.165625 0.4390625 0.0171875 0.0328125
2 0.3890625 0.4390625 0.01796875 0.03671875
3 0.22734375 0.440625 0.01484375 0.03203125