1 0.33203125 0.5453125 0.1078125 0.2484375
1 0.10078125 0.6421875 0.1984375 0.4296875
1 0.1765625 0.55703125 0.1046875 0.2296875
1 0.4375 0.59296875 0.1734375 0.3890625
1 0.51953125 0.5046875 0.0796875 0.1984375
0 0.8359375 0.46875 0.0859375 0.21875
0 0.7671875 0.465625 0.0671875 0.18125
0 0.67578125 0.51171875 0.096875 0.2625
1 0.6109375 0.49375 0.071875 0.1875
2 0.41875 0.440625 0.04375 0.078125
2 0.084375 0.4765625 0.05625 0.0859375
2 0.51171875 0.4296875 0.028125 0.04375
2 0.4953125 0.43125 0.021875 0.0390625
3 0.665625 0.4046875 0.025 0.0453125
3 0.81875 0.38203125 0.021875 0.0359375
2 0.5984375 0.42109375 0.0234375 0.0390625
3 0.75859375 0.39453125 0.0203125 0.034375