1 0.671875 0.4734375 0.121875 0.25
1 0.9046875 0.4671875 0.190625 0.43125
1 0.81875 0.4203125 0.1203125 0.23125
1 0.59453125 0.559375 0.1984375 0.390625
1 0.48359375 0.5125 0.0921875 0.1984375
0 0.18046875 0.6078125 0.1 0.21875
0 0.2421875 0.57734375 0.0796875 0.18125
0 0.34453125 0.58203125 0.1140625 0.2625
1 0.39609375 0.53984375 0.0828125 0.1875
2 0.55 0.4125 0.0484375 0.0796875
2 0.8703125 0.309375 0.0609375 0.0875
2 0.4609375 0.440625 0.03125 0.04375
2 0.4765625 0.43515625 0.025 0.040625
3 0.31015625 0.48046875 0.0265625 0.0453125
3 0.1609375 0.521875 0.025 0.0359375
2 0.37734375 0.46796875 0.0265625 0.040625
3 0.22109375 0.50859375 0.021875 0.034375