1 0.91484375 0.490625 0.075 0.23984375
1 0.7234375 0.46640625 0.0578125 0.17734375
1 0.6234375 0.51171875 0.0796875 0.25625
1 0.271875 0.48515625 0.04140625 0.1453125
1 0.47734375 0.4703125 0.04296875 0.1421875
1 0.35 0.46328125 0.03671875 0.12421875
1 0.51328125 0.46484375 0.03671875 0.134375
1 0.546875 0.46953125 0.0296875 0.16875
0 0.190625 0.4875 0.03203125 0.15
2 0.90625 0.39296875 0.0265625 0.04453125
2 0.72109375 0.39375 0.01796875 0.03046875
2 0.62109375 0.4078125 0.0234375 0.04609375
2 0.55 0.39921875 0.0140625 0.02734375
1 0.475 0.41328125 0.0125 0.02734375
2 0.50703125 0.41171875 0.0125 0.02578125
2 0.27265625 0.42890625 0.015625 0.03046875