1 0.90234375 0.53984375 0.1125 0.309375
1 0.55390625 0.48984375 0.0578125 0.1828125
1 0.7484375 0.52421875 0.0765625 0.2390625
1 0.46796875 0.4921875 0.0515625 0.1875
1 0.3421875 0.48125 0.05625 0.16875
1 0.28671875 0.4640625 0.0359375 0.1265625
0 0.253125 0.49296875 0.046875 0.184375
0 0.17890625 0.4828125 0.0390625 0.1515625
2 0.90859375 0.415625 0.034375 0.05625
2 0.55234375 0.4171875 0.021875 0.0390625
2 0.74375 0.42890625 0.025 0.05
2 0.71953125 0.43125 0.021875 0.040625
2 0.4640625 0.4171875 0.01875 0.0359375
2 0.2890625 0.4140625 0.015625 0.0265625