0 0.19453125 0.5578125 0.071875 0.29375
0 0.2921875 0.5328125 0.0390625 0.2203125
0 0.49375 0.60625 0.0890625 0.41875
1 0.63203125 0.5578125 0.08359375 0.3109375
1 0.69921875 0.52890625 0.07265625 0.2828125
1 0.77578125 0.56796875 0.10078125 0.3578125
0 0.83125 0.746875 0.00078125 0.00390625
3 0.190625 0.43515625 0.0234375 0.05078125
3 0.28984375 0.44140625 0.01953125 0.03671875
2 0.45859375 0.42890625 0.0203125 0.0484375
2 0.62578125 0.43203125 0.0265625 0.06171875
2 0.68671875 0.415625 0.025 0.05625
2 0.76328125 0.4296875 0.0375 0.06875
2 0.777773453125 0.410834871875 0.781591871875 0.4195671890625 0.77940991875 0.42199283125 0.77940991875 0.4428533671875 0.781046384375 0.4467343953125 0.7851375484374999 0.45304106875 0.7916834109375 0.45207081093749996 0.7985020171875 0.4486749109375 0.8012294609374999 0.43557643593749995 0.8036841593749999 0.421022575 0.803956903125 0.4098646140625 0.8017749484375001 0.39822152499999997 0.794410853125 0.38948920781249996 0.781046384375 0.38948920781249996 0.778046196875 0.39239998125 0.7731368 0.401132296875 0.777773453125 0.410834871875
3 0.48125 0.42734375 0.025 0.06015625