1 0.65859375 0.5859375 0.109375 0.2125
1 0.825 0.575 0.1671875 0.2890625
1 0.74453125 0.54609375 0.08125 0.1984375
3 0.6453125 0.49921875 0.01875 0.03125
3 0.78984375 0.4625 0.0328125 0.040625
3 0.95859375 0.40078125 0.034375 0.05625
3 0.91875 0.4203125 0.0234375 0.0359375
3 0.40859375 0.53515625 0.046875 0.078125
3 0.440625 0.528125 0.0421875 0.071875
2 0.2796875 0.52734375 0.121875 0.1765625
2 0.65859375 0.4828125 0.015625 0.021875
3 0.73828125 0.46875 0.01875 0.0328125
2 0.72578125 0.46328125 0.0171875 0.028125
1 0.7625 0.46953125 0.0453125 0.075