1 0.64140625 0.6125 0.075 0.203125
1 0.80703125 0.63046875 0.12109375 0.27265625
1 0.7328125 0.5875 0.04921875 0.1921875
3 0.64296875 0.52421875 0.01328125 0.02890625
3 0.7921875 0.51328125 0.0265625 0.0359375
3 0.96875 0.48203125 0.02578125 0.053125
3 0.9265625 0.49453125 0.01875 0.0328125
3 0.40390625 0.51875 0.034375 0.0734375
3 0.43671875 0.5171875 0.03125 0.06796875
2 0.278125 0.48828125 0.0953125 0.16171875
2 0.659375 0.5109375 0.0125 0.0203125
3 0.73984375 0.5109375 0.01328125 0.03046875
2 0.72890625 0.503125 0.0125 0.02578125
1 0.7640625 0.515625 0.0328125 0.07109375