1 0.3734375 0.62890625 0.0984375 0.2109375
1 0.2109375 0.6671875 0.153125 0.2859375
1 0.2796875 0.61484375 0.071875 0.196875
3 0.3609375 0.54140625 0.0171875 0.0296875
3 0.21171875 0.5484375 0.03125 0.0390625
3 0.0328125 0.5390625 0.0328125 0.05625
3 0.07578125 0.546875 0.021875 0.034375
3 0.59765625 0.50703125 0.04375 0.0765625
3 0.56484375 0.509375 0.0390625 0.071875
2 0.71875 0.46171875 0.1140625 0.171875
2 0.34296875 0.53046875 0.015625 0.021875
3 0.26328125 0.53984375 0.0171875 0.03125
2 0.2734375 0.53125 0.015625 0.0265625
1 0.23984375 0.54765625 0.040625 0.075