3 0.39453125 0.5234375 0.03671875 0.075
3 0.43125 0.51953125 0.03046875 0.0703125
1 0.5734375 0.70234375 0.1421875 0.41796875
1 0.665625 0.60546875 0.0578125 0.17109375
1 0.771875 0.58984375 0.08125 0.20703125
3 0.575 0.51953125 0.02421875 0.0515625
2 0.6625 0.5328125 0.015625 0.02421875
2 0.7625 0.5078125 0.015625 0.0296875
3 0.790625 0.50546875 0.021875 0.034375
1 0.83359375 0.61171875 0.0890625 0.23671875
3 0.85546875 0.5140625 0.02578125 0.04140625
2 0.1890625 0.4171875 0.15703125 0.22421875