1 0.38671875 0.540625 0.053125 0.1921875
1 0.4515625 0.53828125 0.03125 0.1140625
1 0.51328125 0.54296875 0.0671875 0.146875
2 0.390625 0.46015625 0.0140625 0.0328125
2 0.515625 0.48046875 0.0125 0.021875
2 0.4515625 0.49140625 0.009375 0.021875
2 0.19140625 0.4515625 0.015625 0.040625
2 0.1609375 0.54609375 0.028125 0.04375
3 0.09375 0.5203125 0.025 0.046875
3 0.29296875 0.484375 0.0140625 0.025
3 0.296875 0.50625 0.009375 0.021875
3 0.3109375 0.48359375 0.009375 0.021875
2 0.34453125 0.47265625 0.0140625 0.028125