1 0.46875 0.5390625 0.08203125 0.18125
1 0.42265625 0.5359375 0.04296875 0.1453125
1 0.51640625 0.53984375 0.02265625 0.09921875
2 0.475 0.4625 0.01484375 0.028125
2 0.4234375 0.4765625 0.0109375 0.0265625
2 0.5171875 0.4984375 0.00703125 0.01484375
2 0.18984375 0.44765625 0.01640625 0.03828125
2 0.1609375 0.54453125 0.0296875 0.04375
3 0.08984375 0.5140625 0.02421875 0.0453125
2 0.3421875 0.471875 0.01328125 0.02734375
3 0.29296875 0.4828125 0.0140625 0.02578125
3 0.3109375 0.48203125 0.009375 0.021875
3 0.29765625 0.50546875 0.01015625 0.02265625