1 0.59140625 0.54453125 0.0578125 0.16875
1 0.503125 0.540625 0.084375 0.16875
2 0.5015625 0.47265625 0.0171875 0.028125
2 0.59453125 0.4765625 0.0140625 0.03125
1 0.53828125 0.54140625 0.0328125 0.103125
2 0.53984375 0.49921875 0.0078125 0.01875
2 0.81171875 0.471875 0.0171875 0.040625
3 0.7078125 0.49921875 0.015625 0.0265625
3 0.68984375 0.49609375 0.0109375 0.021875
2 0.65703125 0.4828125 0.015625 0.028125
2 0.83515625 0.56875 0.028125 0.0453125
3 0.90625 0.54609375 0.028125 0.0484375
3 0.70234375 0.52109375 0.0125 0.025