1 0.4046875 0.51484375 0.1609375 0.25625
1 0.50390625 0.53984375 0.05625 0.125
1 0.47109375 0.52890625 0.040625 0.08125
2 0.43515625 0.41953125 0.0328125 0.0421875
2 0.51484375 0.48984375 0.0125 0.01875
2 0.4796875 0.4984375 0.009375 0.0140625
2 0.1578125 0.46796875 0.0375 0.053125
2 0.20859375 0.37890625 0.025 0.0421875
3 0.09375 0.41484375 0.034375 0.05
3 0.30234375 0.4359375 0.01875 0.028125
3 0.3203125 0.43828125 0.0140625 0.0234375
2 0.3515625 0.43515625 0.0203125 0.03125
3 0.30546875 0.46640625 0.0140625 0.0234375