1 0.18828125 0.54375 0.284375 0.59375
1 0.46875 0.53515625 0.0546875 0.22109375
2 0.471875 0.44296875 0.01484375 0.034375
2 0.215625 0.2921875 0.05 0.08984375
1 0.4953125 0.5296875 0.01640625 0.0609375
1 0.5265625 0.5328125 0.01484375 0.0625
2 0.3828125 0.49609375 0.009375 0.0171875
2 0.340625 0.4640625 0.01484375 0.02578125
3 0.31328125 0.4765625 0.009375 0.021875
3 0.2953125 0.478125 0.0140625 0.02421875
3 0.3046875 0.503125 0.01015625 0.02265625
1 0.54375 0.5296875 0.01953125 0.096875
2 0.54921875 0.4890625 0.00859375 0.01484375