1 0.459375 0.5296875 0.1265625 0.196875
1 0.415625 0.51484375 0.0796875 0.1515625
1 0.50546875 0.54296875 0.046875 0.1015625
2 0.4859375 0.45703125 0.021875 0.03125
2 0.43203125 0.4578125 0.0171875 0.028125
2 0.5171875 0.503125 0.0109375 0.015625
2 0.2140625 0.36953125 0.025 0.040625
2 0.1609375 0.45546875 0.040625 0.05
3 0.1 0.4078125 0.034375 0.05
2 0.3546875 0.43203125 0.0203125 0.0296875
3 0.3046875 0.4296875 0.0203125 0.028125
3 0.321875 0.43359375 0.0140625 0.0234375
3 0.303125 0.453125 0.015625 0.025