1 0.7609375 0.47734375 0.203125 0.39375
1 0.59453125 0.51953125 0.090625 0.1796875
1 0.48515625 0.546875 0.078125 0.1234375
2 0.7171875 0.32578125 0.04375 0.0671875
2 0.57578125 0.45 0.0203125 0.03125
2 0.47421875 0.5 0.0140625 0.0203125
2 0.7875 0.3796875 0.0234375 0.0421875
2 0.840625 0.4640625 0.0375 0.05
3 0.89921875 0.421875 0.034375 0.05
3 0.69765625 0.43671875 0.0203125 0.028125
2 0.64609375 0.4375 0.0203125 0.0296875
3 0.68046875 0.43984375 0.0140625 0.025
2 0.45234375 0.521875 0.0109375 0.0171875