1 0.5953125 0.51640625 0.1578125 0.25625
1 0.49609375 0.53984375 0.0546875 0.125
1 0.52890625 0.52890625 0.0390625 0.08125
2 0.56640625 0.4203125 0.03125 0.0421875
2 0.48515625 0.48984375 0.0125 0.01875
2 0.5203125 0.49921875 0.009375 0.0140625
2 0.84296875 0.47421875 0.0375 0.053125
2 0.79296875 0.384375 0.025 0.0421875
3 0.9078125 0.421875 0.034375 0.05
3 0.6984375 0.4390625 0.01875 0.028125
3 0.68125 0.44140625 0.0140625 0.0234375
2 0.65 0.4375 0.0203125 0.0296875
3 0.69453125 0.46953125 0.0140625 0.0234375