1 0.58359375 0.54609375 0.11875 0.371875
2 0.59375 0.38984375 0.0296875 0.05625
1 0.81640625 0.55859375 0.0875 0.225
2 0.8 0.4640625 0.0234375 0.0390625
1 0.52265625 0.53125 0.021875 0.0671875
1 0.5015625 0.5296875 0.0203125 0.0546875
1 0.46015625 0.52890625 0.028125 0.11875
1 0.48671875 0.5296875 0.0140625 0.0421875
1 0.62265625 0.5421875 0.034375 0.096875
2 0.66640625 0.4765625 0.0171875 0.0265625
3 0.690625 0.4890625 0.0109375 0.025
3 0.7078125 0.49296875 0.015625 0.0265625
3 0.70078125 0.515625 0.0125 0.0234375
2 0.62578125 0.50390625 0.009375 0.0171875