1 0.4609375 0.53203125 0.1171875 0.19375
1 0.4171875 0.51875 0.071875 0.1515625
1 0.5078125 0.5421875 0.0421875 0.1015625
2 0.48359375 0.4578125 0.0203125 0.03125
2 0.4296875 0.4609375 0.015625 0.028125
2 0.5171875 0.50234375 0.009375 0.015625
2 0.2078125 0.384375 0.0234375 0.040625
2 0.159375 0.4734375 0.0375 0.0484375
3 0.09609375 0.428125 0.0328125 0.05
2 0.3515625 0.43984375 0.01875 0.0296875
3 0.30078125 0.43984375 0.01875 0.028125
3 0.31875 0.44296875 0.0140625 0.0234375
3 0.30078125 0.46328125 0.0140625 0.025