1 0.40546875 0.53828125 0.046875 0.16640625
1 0.49375 0.540625 0.0734375 0.1640625
2 0.5 0.47265625 0.01484375 0.02734375
2 0.40703125 0.4703125 0.0125 0.0296875
1 0.45859375 0.53828125 0.025 0.10234375
2 0.46015625 0.49609375 0.00703125 0.01796875
2 0.190625 0.45 0.01484375 0.0390625
3 0.29296875 0.484375 0.0140625 0.02578125
3 0.3109375 0.4828125 0.01015625 0.021875
2 0.34453125 0.471875 0.0140625 0.02734375
2 0.1609375 0.5453125 0.02578125 0.04375
3 0.09140625 0.51796875 0.02421875 0.046875
3 0.296875 0.50703125 0.01015625 0.02421875