1 0.40859375 0.54453125 0.0578125 0.16875
1 0.496875 0.540625 0.084375 0.16875
2 0.4984375 0.47265625 0.0171875 0.028125
2 0.40546875 0.4765625 0.0140625 0.03125
1 0.46171875 0.54140625 0.0328125 0.103125
2 0.46015625 0.49921875 0.0078125 0.01875
2 0.18828125 0.471875 0.0171875 0.040625
3 0.2921875 0.49921875 0.015625 0.0265625
3 0.31015625 0.49609375 0.0109375 0.021875
2 0.34296875 0.4828125 0.015625 0.028125
2 0.16484375 0.56875 0.028125 0.0453125
3 0.09375 0.54609375 0.028125 0.0484375
3 0.29765625 0.52109375 0.0125 0.025