1 0.21171875 0.621875 0.4234375 0.646875
1 0.47890625 0.5421875 0.109375 0.228125
2 0.4578125 0.45234375 0.0234375 0.0375
2 0.171875 0.37265625 0.071875 0.1
1 0.503125 0.5296875 0.03125 0.0625
1 0.534375 0.525 0.03125 0.0640625
2 0.3859375 0.5265625 0.0140625 0.01875
2 0.33671875 0.50625 0.0203125 0.028125
3 0.31328125 0.52578125 0.0140625 0.0234375
3 0.296875 0.53203125 0.0203125 0.0265625
3 0.3125 0.55390625 0.015625 0.025
1 0.55 0.5171875 0.04375 0.0984375
2 0.54453125 0.4765625 0.0125 0.0171875