1 0.4171875 0.546875 0.125 0.3734375
2 0.4046875 0.39140625 0.03125 0.05625
1 0.184375 0.5640625 0.090625 0.2265625
2 0.19921875 0.46953125 0.0234375 0.0390625
1 0.478125 0.53125 0.021875 0.0671875
1 0.49921875 0.5296875 0.021875 0.0546875
1 0.540625 0.528125 0.0296875 0.11875
1 0.5140625 0.52890625 0.0140625 0.0421875
1 0.378125 0.54453125 0.0359375 0.096875
2 0.3328125 0.4796875 0.01875 0.0265625
3 0.309375 0.4921875 0.0125 0.025
3 0.2921875 0.496875 0.015625 0.0265625
3 0.29921875 0.51953125 0.0125 0.0234375
2 0.37421875 0.50625 0.0109375 0.0171875