1 0.23828125 0.49140625 0.184375 0.3921875
1 0.40703125 0.52421875 0.0828125 0.1796875
1 0.5171875 0.54609375 0.071875 0.121875
2 0.2734375 0.3375 0.040625 0.065625
2 0.42109375 0.45390625 0.01875 0.03125
2 0.52578125 0.4984375 0.0125 0.01875
2 0.20703125 0.3953125 0.021875 0.040625
2 0.1578125 0.48203125 0.0359375 0.0484375
3 0.096875 0.44296875 0.0328125 0.05
3 0.29921875 0.44765625 0.01875 0.028125
2 0.35078125 0.4453125 0.0203125 0.0296875
3 0.31640625 0.44921875 0.0125 0.025
2 0.5484375 0.51875 0.009375 0.0171875