1 0.384375 0.534375 0.0625 0.1953125
1 0.45 0.5359375 0.0375 0.115625
1 0.5109375 0.54375 0.075 0.15
2 0.39296875 0.4546875 0.015625 0.0328125
2 0.51640625 0.48125 0.0140625 0.0234375
2 0.45234375 0.4890625 0.009375 0.021875
2 0.19453125 0.43515625 0.0171875 0.040625
2 0.159375 0.528125 0.0296875 0.0453125
3 0.09296875 0.49921875 0.0265625 0.0484375
3 0.29375 0.4734375 0.015625 0.0265625
3 0.296875 0.4953125 0.0109375 0.021875
3 0.31171875 0.4734375 0.009375 0.021875
2 0.34609375 0.46484375 0.015625 0.028125