1 0.19296875 0.57109375 0.334375 0.615625
1 0.471875 0.5375 0.0734375 0.225
2 0.4671875 0.4453125 0.0171875 0.0359375
2 0.1984375 0.31796875 0.0578125 0.09375
1 0.49765625 0.5296875 0.021875 0.0625
1 0.5296875 0.53046875 0.0203125 0.0640625
2 0.3828125 0.50625 0.0109375 0.0171875
2 0.33828125 0.478125 0.0171875 0.0265625
3 0.31171875 0.49296875 0.0109375 0.021875
3 0.29453125 0.49609375 0.015625 0.025
3 0.30546875 0.5203125 0.0125 0.0234375
1 0.54609375 0.52578125 0.028125 0.0984375
2 0.5484375 0.48515625 0.009375 0.015625