2 0.871875 0.9375 0.078125 0.125
1 0.77421875 0.66796875 0.225 0.5828125
2 0.80703125 0.44453125 0.0640625 0.121875
1 0.56953125 0.8 0.2296875 0.4
2 0.60078125 0.67265625 0.0703125 0.115625
1 0.5078125 0.634375 0.215625 0.5421875
1 0.54375 0.28125 0.1765625 0.4
2 0.5390625 0.425 0.0625 0.115625
1 0.86796875 0.3765625 0.165625 0.4328125
2 0.88984375 0.215625 0.05 0.0953125
1 0.75390625 0.4453125 0.1734375 0.4359375
2 0.78671875 0.28359375 0.0546875 0.096875
1 0.60859375 0.4546875 0.1890625 0.4875
1 0.66796875 0.17578125 0.1546875 0.3234375
2 0.63828125 0.2703125 0.05625 0.1
1 0.8421875 0.209375 0.1265625 0.303125
2 0.87109375 0.109375 0.0484375 0.0875
1 0.55078125 0.09765625 0.1234375 0.1953125
2 0.5671875 0.1390625 0.0515625 0.10625
2 0.6890625 0.053125 0.040625 0.065625
1 0.35546875 0.22890625 0.1640625 0.421875
2 0.384375 0.0703125 0.046875 0.0875
2 0.5609375 0.02109375 0.0359375 0.0390625