1 0.2875 0.87109375 0.203125 0.2578125
2 0.26171875 0.82109375 0.0765625 0.128125
1 0.19375 0.809375 0.234375 0.38125
2 0.18359375 0.70234375 0.0703125 0.14375
1 0.44375 0.45703125 0.20625 0.46875
1 0.4296875 0.18515625 0.165625 0.3671875
2 0.4078125 0.284375 0.0609375 0.109375
1 0.2421875 0.515625 0.215625 0.515625
1 0.2234375 0.340625 0.18125 0.4
2 0.20546875 0.31640625 0.0609375 0.1109375
1 0.434375 0.67890625 0.2484375 0.60625
1 0.36328125 0.31640625 0.1765625 0.3875
2 0.384375 0.43984375 0.0640625 0.1
2 0.40390625 0.05078125 0.046875 0.0859375
2 0.3390625 0.1765625 0.053125 0.0921875
1 0.14765625 0.31484375 0.1703125 0.4421875
2 0.11953125 0.14140625 0.0515625 0.0890625
2 0.19375 0.19453125 0.05625 0.090625
1 0.84296875 0.490625 0.240625 0.5625
2 0.80625 0.27734375 0.0625 0.109375
1 0.603125 0.15625 0.153125 0.3125
2 0.5703125 0.009375 0.0375 0.01875