1 0.08359375 0.83828125 0.1671875 0.3015625
1 0.11328125 0.6453125 0.171875 0.4625
2 0.078125 0.7609375 0.0625 0.1390625
1 0.13984375 0.41953125 0.140625 0.4078125
2 0.10703125 0.475 0.0546875 0.1140625
2 0.14453125 0.26640625 0.04375 0.0953125
1 0.2984375 0.7546875 0.1859375 0.4828125
1 0.28203125 0.4953125 0.1484375 0.4109375
2 0.29921875 0.56640625 0.053125 0.1
2 0.29609375 0.35546875 0.046875 0.1234375
1 0.45234375 0.578125 0.1515625 0.5328125
1 0.45234375 0.31015625 0.1421875 0.275
1 0.4828125 0.2234375 0.11875 0.3796875
2 0.4546875 0.3671875 0.0515625 0.1046875
1 0.5296875 0.85546875 0.19375 0.2890625
2 0.528125 0.79453125 0.0625 0.159375
1 0.59609375 0.7578125 0.1703125 0.484375
2 0.5984375 0.57734375 0.053125 0.115625
1 0.84609375 0.80546875 0.1796875 0.3890625
2 0.83984375 0.67734375 0.0609375 0.128125
2 0.45234375 0.225 0.046875 0.1
2 0.48671875 0.07421875 0.0359375 0.075
1 0.53515625 0.17109375 0.0890625 0.3421875
2 0.5234375 0.02265625 0.0328125 0.0453125
1 0.3140625 0.15 0.1125 0.3