1 0.9015625 0.8421875 0.1875 0.315625
2 0.83515625 0.91875 0.0578125 0.128125
2 0.89140625 0.7625 0.05 0.146875
1 0.775 0.54296875 0.1375 0.54140625
1 0.7453125 0.3671875 0.11875 0.43828125
2 0.77421875 0.3265625 0.0453125 0.109375
1 0.60546875 0.73671875 0.165625 0.5265625
1 0.6046875 0.36015625 0.11484375 0.41484375
2 0.61328125 0.52890625 0.05078125 0.10078125
1 0.53515625 0.52890625 0.13671875 0.49453125
1 0.5171875 0.21953125 0.1140625 0.36953125
2 0.53828125 0.3359375 0.04453125 0.10625
1 0.61015625 0.12421875 0.1078125 0.2484375
2 0.60703125 0.196875 0.0421875 0.08515625
1 0.7796875 0.12265625 0.08671875 0.2453125
2 0.7515625 0.19375 0.04140625 0.0875
1 0.32890625 0.2 0.1015625 0.39765625
2 0.33671875 0.0421875 0.034375 0.08046875
2 0.5203125 0.084375 0.034375 0.1
1 0.83359375 0.3 0.10078125 0.4515625
2 0.83125 0.1203125 0.0375 0.0859375
2 0.79296875 0.028125 0.0359375 0.05625
1 0.04921875 0.64296875 0.0984375 0.54921875