1 0.8578125 0.4734375 0.21875 0.509375
2 0.82578125 0.28671875 0.0578125 0.1125
1 0.64453125 0.4390625 0.2078125 0.4828125
2 0.615625 0.26328125 0.0609375 0.1125
1 0.75234375 0.70234375 0.2421875 0.5328125
2 0.709375 0.50625 0.065625 0.1171875
2 0.19140625 0.934375 0.0734375 0.13125
1 0.5625 0.80546875 0.23125 0.3890625
2 0.534375 0.69140625 0.0734375 0.13125
1 0.25234375 0.63125 0.221875 0.5375
1 0.18203125 0.26875 0.1671875 0.371875
2 0.21640625 0.425 0.0609375 0.10625
1 0.428125 0.4640625 0.1859375 0.390625
2 0.40078125 0.33359375 0.0609375 0.10625
1 0.4640625 0.75625 0.221875 0.4875
2 0.43515625 0.58359375 0.0703125 0.1234375
1 0.525 0.39375 0.1953125 0.4734375
2 0.4890625 0.209375 0.0515625 0.090625
1 0.5375 0.21484375 0.14375 0.3265625
2 0.50625 0.1015625 0.04375 0.0828125
2 0.15625 0.13046875 0.05 0.084375
1 0.29765625 0.3140625 0.1734375 0.40625
2 0.26796875 0.159375 0.04375 0.0796875
2 0.26640625 0.07578125 0.0453125 0.0734375
1 0.3734375 0.70390625 0.221875 0.55
2 0.346875 0.5015625 0.06875 0.1328125