2 0.32578125 0.9296875 0.0640625 0.140625
1 0.50859375 0.8203125 0.1734375 0.359375
2 0.51796875 0.7 0.0484375 0.11328125
2 0.91640625 0.5140625 0.04921875 0.109375
1 0.88203125 0.7765625 0.1546875 0.44609375
2 0.8828125 0.60625 0.0421875 0.10234375
1 0.67890625 0.62890625 0.1265625 0.51015625
1 0.7328125 0.2765625 0.1140625 0.396875
2 0.69140625 0.42734375 0.04296875 0.09921875
2 0.7171875 0.32734375 0.03828125 0.11015625
1 0.55703125 0.359375 0.121875 0.465625
2 0.56015625 0.16875 0.0421875 0.08515625
1 0.39375 0.2875 0.11171875 0.4359375
2 0.39375 0.10859375 0.03671875 0.08125
2 0.6015625 0.10078125 0.03515625 0.0875
2 0.7328125 0.1265625 0.0375 0.09140625
2 0.57578125 0.03046875 0.034375 0.0609375
2 0.71796875 0.01953125 0.0359375 0.0390625