2 0.77265625 0.875 0.096875 0.1515625
1 0.56953125 0.80859375 0.2546875 0.3828125
2 0.53125 0.6984375 0.075 0.121875
2 0.09921875 0.6140625 0.0734375 0.11875
1 0.19609375 0.8125 0.2578125 0.375
2 0.15390625 0.69609375 0.065625 0.109375
1 0.3578125 0.66796875 0.246875 0.525
1 0.2203125 0.33984375 0.20625 0.4125
2 0.296875 0.47578125 0.065625 0.10625
2 0.24765625 0.38515625 0.0640625 0.115625
1 0.4109375 0.37734375 0.23125 0.48125
2 0.36171875 0.19296875 0.0609375 0.0921875
1 0.5515625 0.26796875 0.2140625 0.45
2 0.50859375 0.09453125 0.0546875 0.0875
2 0.3046875 0.1375 0.0546875 0.09375
2 0.18359375 0.19375 0.0578125 0.0984375
2 0.3125 0.0625 0.0484375 0.0671875
2 0.17265625 0.08671875 0.04375 0.046875