2 0.6765625 0.975 0.08125 0.05
2 0.371875 0.909375 0.0984375 0.1546875
1 0.5890625 0.74296875 0.275 0.5140625
2 0.63828125 0.56796875 0.078125 0.1328125
1 0.08671875 0.746875 0.1734375 0.3375
2 0.06953125 0.66875 0.090625 0.1546875
2 0.14609375 0.48359375 0.075 0.121875
1 0.30625 0.821875 0.2046875 0.3078125
1 0.37890625 0.63515625 0.2375 0.4296875
2 0.33828125 0.7515625 0.0875 0.1390625
1 0.515625 0.58671875 0.25625 0.5453125
1 0.58984375 0.35703125 0.1859375 0.28125
2 0.5625 0.378125 0.065625 0.1015625
2 0.60625 0.271875 0.0546875 0.0890625
1 0.25859375 0.2953125 0.196875 0.44375
2 0.31015625 0.13046875 0.0609375 0.09375
1 0.30546875 0.3828125 0.2234375 0.4609375
2 0.3453125 0.20703125 0.05625 0.0875
1 0.471875 0.20859375 0.18125 0.384375
2 0.4984375 0.07421875 0.053125 0.1015625
1 0.40234375 0.271875 0.1953125 0.41875
2 0.4296875 0.1140625 0.0515625 0.0875
2 0.41015625 0.49296875 0.078125 0.125