1 0.77734375 0.85546875 0.1546875 0.2890625
2 0.790625 0.775 0.05625 0.1203125
1 0.86171875 0.7859375 0.1625 0.428125
2 0.846875 0.64453125 0.04765625 0.1375
1 0.54765625 0.44765625 0.12890625 0.45390625
1 0.51484375 0.17734375 0.10546875 0.3546875
2 0.553125 0.271875 0.04296875 0.103125
1 0.75625 0.4703125 0.13046875 0.5
1 0.74453125 0.2953125 0.11640625 0.38515625
2 0.7578125 0.26796875 0.04375 0.10546875
1 0.5953125 0.66484375 0.1484375 0.58984375
1 0.60234375 0.2953125 0.11328125 0.3734375
2 0.603125 0.42109375 0.0484375 0.09296875
2 0.51640625 0.040625 0.0328125 0.08125
2 0.60234375 0.15390625 0.0390625 0.0875
1 0.81484375 0.25625 0.09609375 0.4328125
2 0.8125 0.08046875 0.03671875 0.084375
2 0.7484375 0.14609375 0.04140625 0.08515625
1 0.1609375 0.55 0.1484375 0.54453125
2 0.159375 0.33359375 0.04609375 0.10234375
1 0.3359375 0.16484375 0.09765625 0.3296875
2 0.34296875 0.01875 0.03125 0.0375