1 0.8765625 0.83671875 0.175 0.325
2 0.86328125 0.7421875 0.05625 0.13125
2 0.53828125 0.87421875 0.0578125 0.1671875
1 0.11171875 0.74453125 0.1625 0.5109375
2 0.0703125 0.8640625 0.0625 0.1453125
1 0.12265625 0.48515625 0.13125 0.396875
2 0.0984375 0.5484375 0.053125 0.115625
1 0.2921875 0.79453125 0.175 0.409375
1 0.27421875 0.5546875 0.1390625 0.403125
2 0.28671875 0.64140625 0.0515625 0.1
2 0.1234375 0.33359375 0.040625 0.090625
2 0.28125 0.4171875 0.04375 0.125
1 0.6171875 0.7953125 0.1625 0.409375
2 0.61328125 0.65 0.05 0.115625
1 0.45234375 0.64765625 0.140625 0.55
1 0.4421875 0.36953125 0.1359375 0.2859375
2 0.44609375 0.43046875 0.05 0.109375
1 0.47265625 0.24296875 0.10625 0.3453125
2 0.4375 0.2765625 0.04375 0.1
1 0.5 0.1765625 0.10625 0.353125
2 0.49765625 0.03828125 0.0328125 0.0703125
2 0.47265625 0.1078125 0.0375 0.0734375
1 0.2859375 0.1796875 0.10625 0.3578125
2 0.2875 0.02734375 0.034375 0.0546875