1 0.9078125 0.85234375 0.1625 0.2953125
1 0.88125 0.65859375 0.15625 0.45703125
2 0.9125 0.77578125 0.05703125 0.1375
1 0.8625 0.43203125 0.12734375 0.403125
2 0.89375 0.4890625 0.05078125 0.1125
2 0.86328125 0.27890625 0.040625 0.09375
1 0.6921875 0.76171875 0.16953125 0.4765625
1 0.71796875 0.503125 0.134375 0.40625
2 0.6984375 0.5734375 0.05 0.0984375
2 0.70859375 0.3625 0.0421875 0.121875
1 0.54453125 0.5796875 0.13359375 0.52890625
1 0.55390625 0.31171875 0.1328125 0.2703125
1 0.5265625 0.22421875 0.10546875 0.37578125
2 0.55 0.36875 0.0484375 0.10234375
1 0.4578125 0.85625 0.184375 0.2875
2 0.46171875 0.79375 0.05703125 0.1578125
1 0.39453125 0.75703125 0.153125 0.48515625
2 0.39921875 0.57421875 0.04921875 0.11328125
1 0.1421875 0.80078125 0.165625 0.3984375
2 0.15390625 0.665625 0.05625 0.12578125
2 0.55703125 0.2265625 0.04296875 0.0984375
2 0.528125 0.075 0.0328125 0.0734375
1 0.4765625 0.1703125 0.0765625 0.340625
2 0.49296875 0.021875 0.03125 0.04375
1 0.6984375 0.153125 0.10234375 0.30625