1 0.2484375 0.7890625 0.228125 0.3609375
2 0.27421875 0.6984375 0.0796875 0.1484375
1 0.3921875 0.70078125 0.2546875 0.5828125
1 0.471875 0.425 0.1828125 0.278125
2 0.44453125 0.48046875 0.06875 0.115625
1 0.55078125 0.796875 0.2296875 0.40625
2 0.51796875 0.92734375 0.0890625 0.1453125
1 0.81875 0.84609375 0.228125 0.3078125
2 0.84140625 0.7703125 0.078125 0.1328125
2 0.57890625 0.6703125 0.0765625 0.134375
2 0.49296875 0.34609375 0.0546875 0.0953125
1 0.73828125 0.58359375 0.215625 0.49375
2 0.77890625 0.39609375 0.05625 0.0984375
2 0.809375 0.3140625 0.059375 0.103125
1 0.665625 0.40390625 0.178125 0.4359375
2 0.70859375 0.24140625 0.05625 0.090625
1 0.65078125 0.29296875 0.1421875 0.35
2 0.6875 0.17734375 0.0515625 0.103125
1 0.77734375 0.2015625 0.159375 0.321875
1 0.615625 0.18515625 0.1671875 0.35