1 0.234375 0.8484375 0.17890625 0.303125
2 0.246875 0.76328125 0.05390625 0.13046875
1 0.50546875 0.87265625 0.1796875 0.2546875
2 0.5125 0.81953125 0.0609375 0.1390625
1 0.3546875 0.60546875 0.13828125 0.51015625
2 0.35703125 0.40703125 0.04765625 0.10703125
1 0.5734375 0.5609375 0.134375 0.3953125
1 0.6 0.81171875 0.14296875 0.3765625
2 0.58984375 0.69296875 0.05625 0.1328125
1 0.75546875 0.778125 0.1640625 0.44375
2 0.76015625 0.62890625 0.05625 0.13984375
2 0.57734375 0.41953125 0.046875 0.10859375
1 0.82734375 0.7125 0.12265625 0.56875
2 0.8171875 0.48125 0.04609375 0.10546875
1 0.46484375 0.4953125 0.12578125 0.4953125
1 0.4375 0.30703125 0.1203125 0.321875
2 0.46953125 0.290625 0.040625 0.0875
1 0.69765625 0.3640625 0.1046875 0.41953125
1 0.7734375 0.30078125 0.109375 0.43125
1 0.59453125 0.17421875 0.1046875 0.3484375
1 0.6515625 0.24921875 0.0890625 0.3859375
2 0.44140625 0.184375 0.034375 0.07578125
2 0.59375 0.03984375 0.03203125 0.0796875
2 0.775 0.13125 0.0390625 0.08671875
2 0.69921875 0.1921875 0.03125 0.078125
2 0.66171875 0.0921875 0.03203125 0.07421875