1 0.2671875 0.47578125 0.1578125 0.515625
2 0.25546875 0.2703125 0.0484375 0.0953125
1 0.7515625 0.7859375 0.1796875 0.4109375
2 0.7578125 0.640625 0.0578125 0.1125
1 0.834375 0.7171875 0.1640625 0.5375
2 0.8046875 0.52109375 0.05 0.13125
1 0.58671875 0.55390625 0.16875 0.55625
1 0.5828125 0.23046875 0.1234375 0.3296875
1 0.55078125 0.30234375 0.1375 0.284375
2 0.5828125 0.32265625 0.0484375 0.084375
2 0.5546875 0.21328125 0.0453125 0.1
1 0.73828125 0.38984375 0.15 0.4734375
2 0.73125 0.20859375 0.0453125 0.1015625
2 0.57578125 0.109375 0.0421875 0.0859375
2 0.725 0.09296875 0.04375 0.0828125
1 0.7875 0.20078125 0.103125 0.4015625
2 0.76796875 0.03203125 0.0390625 0.0640625
1 0.32421875 0.14921875 0.1109375 0.284375
1 0.49375 0.16171875 0.125 0.3234375