1 0.24296875 0.76640625 0.2640625 0.4671875
2 0.21171875 0.609375 0.0765625 0.1265625
2 0.86015625 0.78984375 0.0921875 0.14375
1 0.909375 0.68984375 0.18125 0.4546875
1 0.8703125 0.43828125 0.228125 0.40625
2 0.91015625 0.5390625 0.08125 0.1359375
1 0.440625 0.56875 0.209375 0.34375
2 0.4203125 0.46015625 0.0640625 0.1046875
1 0.52734375 0.77890625 0.2671875 0.4421875
2 0.50234375 0.64765625 0.0828125 0.153125
1 0.71328125 0.65625 0.2875 0.6203125
1 0.675 0.36484375 0.2078125 0.3953125
2 0.6640625 0.4125 0.0671875 0.10625
2 0.85 0.3015625 0.0703125 0.1125
1 0.80234375 0.315625 0.221875 0.48125
2 0.76328125 0.13515625 0.0609375 0.1015625
2 0.63515625 0.2375 0.0625 0.1171875
1 0.53125 0.45390625 0.23125 0.503125
1 0.475 0.215625 0.171875 0.25
1 0.44140625 0.1703125 0.1703125 0.340625
2 0.49140625 0.2609375 0.0640625 0.103125
2 0.46171875 0.15078125 0.0609375 0.1
2 0.41484375 0.0375 0.0453125 0.065625
1 0.38671875 0.15703125 0.140625 0.290625
1 0.58125 0.109375 0.14375 0.21875