2 0.05390625 0.88515625 0.0609375 0.159375
1 0.2015625 0.61796875 0.1671875 0.5734375
2 0.2078125 0.3921875 0.0515625 0.1171875
1 0.3765625 0.7953125 0.1890625 0.40625
2 0.3703125 0.65234375 0.059375 0.1109375
1 0.46875 0.63125 0.1625 0.5328125
1 0.4953125 0.27734375 0.1375 0.390625
2 0.475 0.41953125 0.0515625 0.1125
1 0.159375 0.31484375 0.121875 0.4265625
2 0.165625 0.15234375 0.0421875 0.0921875
1 0.259375 0.4015625 0.1296875 0.428125
2 0.25546875 0.2375 0.046875 0.0921875
1 0.40078125 0.43671875 0.140625 0.478125
1 0.38984375 0.15390625 0.1234375 0.3078125
2 0.40390625 0.25 0.046875 0.096875
1 0.21328125 0.1546875 0.096875 0.296875
2 0.20234375 0.05078125 0.040625 0.084375
1 0.51953125 0.09375 0.1046875 0.1875
2 0.49609375 0.13359375 0.040625 0.103125
2 0.390625 0.02890625 0.034375 0.0578125
1 0.68984375 0.2578125 0.1234375 0.4140625
2 0.68828125 0.096875 0.0375 0.084375
2 0.5234375 0.01796875 0.0328125 0.0359375