1 0.55078125 0.7984375 0.1921875 0.403125
1 0.59140625 0.64453125 0.175 0.515625
1 0.49609375 0.46875 0.175 0.496875
2 0.54609375 0.6671875 0.0625 0.128125
1 0.75078125 0.64921875 0.1890625 0.590625
2 0.7421875 0.409375 0.0546875 0.10625
2 0.5828125 0.446875 0.05625 0.1109375
1 0.8703125 0.74765625 0.1984375 0.4640625
1 0.859375 0.44140625 0.15 0.459375
2 0.8578125 0.58203125 0.0609375 0.1265625
1 0.83125 0.253125 0.1421875 0.3125
2 0.828125 0.14765625 0.0453125 0.0875
2 0.84765625 0.2671875 0.0484375 0.1015625
1 0.28046875 0.4328125 0.1515625 0.4640625
2 0.278125 0.24921875 0.046875 0.09375
1 0.4828125 0.2046875 0.1265625 0.228125
2 0.48984375 0.2828125 0.0484375 0.115625
1 0.48515625 0.0984375 0.1140625 0.196875
2 0.478125 0.13828125 0.0390625 0.08125
2 0.484375 0.0328125 0.040625 0.065625
1 0.634375 0.35703125 0.1578125 0.5125
1 0.6171875 0.11796875 0.11875 0.2046875
2 0.62109375 0.140625 0.0421875 0.071875
2 0.61484375 0.0625 0.0375 0.090625
1 0.70234375 0.1734375 0.1234375 0.346875