2 0.48359375 0.93359375 0.0765625 0.1234375
1 0.76640625 0.75390625 0.2578125 0.403125
2 0.7359375 0.63203125 0.0765625 0.125
1 0.865625 0.66953125 0.26875 0.5046875
2 0.92421875 0.8375 0.08125 0.1359375
2 0.81328125 0.4875 0.0671875 0.1046875
1 0.51875 0.6453125 0.271875 0.5546875
1 0.5171875 0.46171875 0.23125 0.4515625
2 0.46796875 0.42890625 0.0671875 0.1
2 0.471875 0.290625 0.059375 0.090625
1 0.2046875 0.4 0.2109375 0.428125
2 0.16484375 0.2484375 0.0578125 0.1
1 0.2203125 0.2796875 0.1953125 0.3859375
2 0.18046875 0.1375 0.0515625 0.0828125
1 0.33984375 0.40234375 0.2171875 0.425
2 0.303125 0.24296875 0.05625 0.090625
1 0.65859375 0.3265625 0.221875 0.446875
2 0.61484375 0.15703125 0.05625 0.0875
1 0.35234375 0.23828125 0.1953125 0.4
2 0.315625 0.08671875 0.0484375 0.0796875
2 0.49296875 0.21171875 0.0625 0.1078125
2 0.45859375 0.11171875 0.0546875 0.0890625
1 0.51328125 0.1375 0.1609375 0.275