1 0.74609375 0.77109375 0.2796875 0.4578125
2 0.784375 0.61875 0.0796875 0.128125
2 0.1296875 0.7765625 0.0953125 0.1453125
1 0.090625 0.6734375 0.18125 0.45625
1 0.13203125 0.42578125 0.240625 0.4078125
2 0.0890625 0.525 0.0859375 0.1359375
1 0.55703125 0.57109375 0.21875 0.346875
2 0.58125 0.4625 0.0671875 0.10625
1 0.46171875 0.778125 0.2796875 0.44375
2 0.49296875 0.64765625 0.0875 0.153125
1 0.28125 0.6484375 0.30625 0.6203125
1 0.3296875 0.359375 0.21875 0.3953125
2 0.3390625 0.40703125 0.0703125 0.10625
2 0.15703125 0.2890625 0.0734375 0.1125
1 0.2046875 0.30546875 0.2375 0.48125
2 0.25 0.1265625 0.0625 0.103125
2 0.37421875 0.23359375 0.0671875 0.11875
1 0.4703125 0.45234375 0.246875 0.503125
1 0.534375 0.21640625 0.178125 0.2515625
1 0.5703125 0.171875 0.18125 0.34375
2 0.5171875 0.2609375 0.0671875 0.103125
2 0.55 0.15234375 0.0640625 0.1015625
2 0.60078125 0.040625 0.046875 0.0671875
1 0.62578125 0.16171875 0.1484375 0.290625
1 0.43125 0.10859375 0.15 0.2171875