1 0.6796875 0.34453125 0.2296875 0.4765625
2 0.72109375 0.16328125 0.0625 0.096875
1 0.15625 0.740625 0.2484375 0.396875
2 0.18359375 0.6359375 0.0890625 0.1609375
1 0.32578125 0.846875 0.228125 0.2765625
2 0.334375 0.80078125 0.0953125 0.1515625
1 0.04140625 0.678125 0.0828125 0.415625
2 0.015625 0.540625 0.03125 0.14375
1 0.43125 0.76484375 0.271875 0.4703125
2 0.4625 0.61484375 0.090625 0.1453125
1 0.5578125 0.49140625 0.253125 0.5078125
2 0.59921875 0.296875 0.0625 0.096875
1 0.23828125 0.35546875 0.2359375 0.484375
2 0.27890625 0.17421875 0.0609375 0.0984375
1 0.4671875 0.37109375 0.23125 0.4859375
2 0.51171875 0.1890625 0.0625 0.1015625
1 0.56875 0.22109375 0.1671875 0.3484375
2 0.58984375 0.10390625 0.0609375 0.1046875
1 0.3390625 0.17109375 0.184375 0.3421875
2 0.375 0.02734375 0.059375 0.0546875