1 0.82109375 0.871875 0.2484375 0.25625
2 0.73984375 0.9546875 0.0828125 0.090625
2 0.828125 0.83828125 0.0796875 0.1546875
1 0.76015625 0.59921875 0.246875 0.5578125
1 0.7671875 0.42109375 0.2078125 0.453125
2 0.80390625 0.3875 0.0671875 0.115625
1 0.553125 0.7390625 0.271875 0.521875
1 0.63125 0.38515625 0.1984375 0.4296875
2 0.6046875 0.5515625 0.0703125 0.109375
1 0.528125 0.5359375 0.2359375 0.5125
1 0.575 0.22890625 0.1890625 0.3859375
2 0.571875 0.34765625 0.065625 0.1125
1 0.6859375 0.15546875 0.1578125 0.265625
2 0.66796875 0.22578125 0.059375 0.0921875
1 0.85234375 0.1890625 0.1359375 0.2578125
2 0.809375 0.253125 0.059375 0.09375
1 0.3953125 0.1875 0.18125 0.375
2 0.434375 0.03046875 0.05 0.0609375
2 0.60625 0.09765625 0.0546875 0.1046875
1 0.86796875 0.3734375 0.1921875 0.4625
2 0.903125 0.19765625 0.0546875 0.0921875
2 0.884375 0.09921875 0.046875 0.0625
1 0.0671875 0.54609375 0.134375 0.5578125