2 0.296875 0.834375 0.078125 0.1390625
1 0.459375 0.7859375 0.221875 0.428125
2 0.48828125 0.6390625 0.0609375 0.1109375
2 0.8734375 0.52265625 0.0625 0.1140625
1 0.8203125 0.77734375 0.215625 0.4453125
2 0.84765625 0.61796875 0.0546875 0.1046875
1 0.65625 0.60859375 0.1859375 0.503125
2 0.6953125 0.4140625 0.05625 0.0984375
1 0.76015625 0.30546875 0.16875 0.428125
2 0.728125 0.32734375 0.0515625 0.1125
2 0.78359375 0.14453125 0.0484375 0.090625
1 0.5765625 0.3359375 0.18125 0.4671875
2 0.60859375 0.146875 0.046875 0.075
1 0.4421875 0.225 0.1625 0.40625
2 0.46171875 0.06953125 0.046875 0.0828125
1 0.6484375 0.24609375 0.1359375 0.4
2 0.66171875 0.0953125 0.046875 0.0890625
2 0.63828125 0.0359375 0.0390625 0.046875