1 0.78828125 0.44609375 0.128125 0.4640625
2 0.7828125 0.271875 0.040625 0.103125
1 0.67734375 0.29765625 0.1171875 0.3015625
2 0.67578125 0.1953125 0.040625 0.09375
1 0.67421875 0.5640625 0.1453125 0.4875
2 0.6640625 0.371875 0.04375 0.0984375
1 0.5171875 0.76015625 0.165625 0.4796875
2 0.5078125 0.5859375 0.053125 0.121875
2 0.3109375 0.87265625 0.05625 0.1359375
1 0.15 0.846875 0.175 0.30625
2 0.1546875 0.7546875 0.0515625 0.115625
1 0.275 0.50078125 0.1328125 0.4796875
1 0.2328125 0.18359375 0.103125 0.359375
2 0.271875 0.3109375 0.04375 0.0921875
1 0.43984375 0.64609375 0.1421875 0.5015625
1 0.43125 0.34453125 0.11875 0.303125
2 0.440625 0.453125 0.0484375 0.109375
1 0.5515625 0.32109375 0.1140625 0.4234375
2 0.546875 0.153125 0.0390625 0.0859375
1 0.590625 0.178125 0.0953125 0.353125
2 0.58203125 0.0421875 0.0328125 0.06875
1 0.396875 0.5234375 0.1140625 0.4453125
2 0.4 0.359375 0.0453125 0.115625
1 0.353125 0.2203125 0.10625 0.3703125
2 0.35 0.07109375 0.0296875 0.071875
2 0.425 0.240625 0.040625 0.0921875
2 0.23046875 0.03359375 0.034375 0.0578125
2 0.3453125 0.01953125 0.028125 0.034375