2 0.14453125 0.95078125 0.0953125 0.0984375
1 0.3484375 0.80390625 0.296875 0.3921875
2 0.29296875 0.696875 0.0828125 0.128125
1 0.50859375 0.82734375 0.2453125 0.3453125
2 0.4828125 0.740625 0.0875 0.1421875
1 0.42734375 0.34296875 0.215625 0.453125
1 0.40234375 0.14140625 0.1625 0.246875
2 0.38125 0.175 0.0609375 0.0953125
2 0.38515625 0.0734375 0.05625 0.09375
1 0.165625 0.3671875 0.2125 0.4515625
2 0.12265625 0.19140625 0.0515625 0.0828125
1 0.27578125 0.3203125 0.184375 0.3109375
2 0.25703125 0.23046875 0.059375 0.109375
1 0.3578125 0.5796875 0.275 0.5875
2 0.29453125 0.34609375 0.0578125 0.0890625
1 0.49609375 0.371875 0.1875 0.2890625
2 0.4734375 0.2859375 0.059375 0.0953125
1 0.565625 0.67109375 0.2890625 0.5859375
2 0.50859375 0.4625 0.078125 0.1375
1 0.78203125 0.53671875 0.25625 0.540625
2 0.721875 0.3375 0.0703125 0.115625
1 0.1875 0.74140625 0.271875 0.5171875
1 0.11484375 0.47890625 0.2078125 0.34375