2 0.0265625 0.8546875 0.053125 0.15
1 0.2578125 0.77734375 0.2234375 0.4296875
2 0.24453125 0.62734375 0.0609375 0.1203125
1 0.41015625 0.82734375 0.1859375 0.3453125
2 0.41328125 0.72578125 0.0640625 0.134375
1 0.47578125 0.328125 0.1359375 0.44375
1 0.51171875 0.128125 0.1234375 0.2328125
2 0.48125 0.1546875 0.0453125 0.090625
2 0.51484375 0.05859375 0.040625 0.0890625
1 0.21953125 0.27578125 0.1328125 0.44375
2 0.2296875 0.09453125 0.0390625 0.0796875
1 0.33828125 0.2625 0.1328125 0.296875
2 0.346875 0.17109375 0.0390625 0.10625
1 0.340625 0.534375 0.1703125 0.5765625
2 0.34921875 0.29296875 0.04375 0.084375
1 0.53359375 0.3765625 0.140625 0.2734375
2 0.53671875 0.2875 0.04375 0.090625
1 0.5125 0.6828125 0.1859375 0.571875
2 0.51875 0.46640625 0.0546875 0.1328125
1 0.759375 0.61796875 0.159375 0.5296875
2 0.76015625 0.409375 0.0515625 0.109375
1 0.11796875 0.68125 0.1640625 0.59375
1 0.1375 0.36640625 0.15 0.3265625