2 0.440625 0.94453125 0.065625 0.1078125
1 0.35546875 0.82421875 0.184375 0.3453125
2 0.3640625 0.71875 0.059375 0.1234375
1 0.090625 0.85859375 0.18125 0.2484375
2 0.10234375 0.81015625 0.06875 0.1421875
1 0.88125 0.784375 0.190625 0.43125
2 0.9265625 0.95078125 0.071875 0.0984375
1 0.89140625 0.53359375 0.15625 0.3609375
2 0.90390625 0.63515625 0.0609375 0.125
1 0.70703125 0.8359375 0.2015625 0.328125
1 0.7265625 0.61796875 0.165625 0.415625
2 0.7171875 0.73671875 0.059375 0.1171875
2 0.89609375 0.409375 0.05 0.1
2 0.7296875 0.478125 0.0515625 0.13125
1 0.540625 0.7140625 0.175 0.571875
1 0.56015625 0.42890625 0.1578125 0.3109375
2 0.55703125 0.496875 0.059375 0.121875
1 0.5328125 0.29921875 0.1375 0.4125
2 0.57265625 0.33515625 0.0515625 0.1125
1 0.74296875 0.22265625 0.13125 0.39375
2 0.75078125 0.0671875 0.0375 0.075
2 0.5421875 0.1359375 0.0375 0.078125
2 0.53515625 0.06171875 0.040625 0.0734375