1 0.83203125 0.5046875 0.11875 0.478125
2 0.8265625 0.321875 0.040625 0.10625
1 0.69921875 0.68828125 0.146875 0.525
1 0.6625 0.3859375 0.121875 0.3640625
2 0.69140625 0.478125 0.0421875 0.10625
2 0.6640625 0.25625 0.040625 0.1015625
2 0.3171875 0.94453125 0.053125 0.109375
1 0.125 0.88515625 0.178125 0.2296875
2 0.13203125 0.8328125 0.0515625 0.1234375
1 0.51015625 0.79765625 0.1640625 0.4046875
2 0.50234375 0.65 0.0546875 0.109375
1 0.42421875 0.7375 0.1375 0.525
1 0.434375 0.415625 0.1234375 0.353125
2 0.42890625 0.5375 0.0484375 0.121875
1 0.24921875 0.5515625 0.128125 0.50625
1 0.2296875 0.2015625 0.103125 0.378125
2 0.24921875 0.35 0.04375 0.0984375
2 0.43203125 0.28828125 0.040625 0.096875
1 0.546875 0.3703125 0.1125 0.446875
2 0.54296875 0.19140625 0.0359375 0.0875
2 0.37265625 0.43046875 0.046875 0.11875
1 0.5875 0.21796875 0.0875 0.3484375
2 0.58125 0.08671875 0.034375 0.0734375
1 0.34140625 0.2609375 0.103125 0.3890625
2 0.340625 0.10390625 0.03125 0.071875
2 0.22890625 0.05546875 0.0375 0.0796875
2 0.346875 0.03203125 0.03125 0.0640625