1 0.17265625 0.79140625 0.2328125 0.33125
2 0.2015625 0.71015625 0.078125 0.1390625
1 0.434375 0.8625 0.225 0.275
2 0.4515625 0.81640625 0.0859375 0.1484375
1 0.3375 0.57578125 0.2328125 0.5265625
2 0.37734375 0.38125 0.0671875 0.1140625
1 0.56015625 0.57421875 0.2078125 0.4140625
1 0.5390625 0.81328125 0.2125 0.3734375
2 0.5515625 0.70625 0.08125 0.140625
1 0.69765625 0.79375 0.2453125 0.4125
2 0.73046875 0.6765625 0.08125 0.1484375
2 0.59140625 0.4359375 0.0671875 0.115625
1 0.78046875 0.73984375 0.2296875 0.5203125
2 0.81484375 0.5421875 0.065625 0.1125
1 0.46640625 0.4890625 0.21875 0.5109375
1 0.47578125 0.2984375 0.1796875 0.3390625
2 0.51015625 0.28828125 0.05625 0.09375
1 0.7203125 0.40390625 0.1828125 0.43125
1 0.80625 0.35625 0.1890625 0.44375
1 0.6546875 0.1984375 0.16875 0.3625
1 0.696875 0.2828125 0.1609375 0.3953125
2 0.50234375 0.17890625 0.0484375 0.08125
2 0.6796875 0.06640625 0.046875 0.084375
2 0.840625 0.190625 0.0546875 0.0921875
2 0.75390625 0.2359375 0.0453125 0.0828125
2 0.73671875 0.13046875 0.0453125 0.0796875