1 0.40234375 0.78828125 0.2484375 0.4203125
1 0.38671875 0.62890625 0.2515625 0.525
1 0.50859375 0.46953125 0.246875 0.50625
2 0.428125 0.65859375 0.08125 0.134375
1 0.22890625 0.6078125 0.275 0.6
2 0.275 0.37265625 0.0703125 0.1109375
2 0.4265625 0.43515625 0.071875 0.115625
1 0.11328125 0.68671875 0.2265625 0.4796875
1 0.1546875 0.3859375 0.2171875 0.4671875
2 0.13359375 0.525 0.0796875 0.1328125
1 0.21171875 0.20390625 0.1875 0.325
2 0.23125 0.10078125 0.0578125 0.090625
2 0.19296875 0.215625 0.0640625 0.10625
1 0.72734375 0.46796875 0.21875 0.471875
2 0.75859375 0.28671875 0.059375 0.0984375
1 0.56328125 0.2109375 0.1578125 0.240625
2 0.54453125 0.2875 0.065625 0.11875
1 0.57734375 0.1046875 0.1421875 0.209375
2 0.578125 0.14609375 0.05 0.0859375
2 0.5875 0.03984375 0.05 0.0703125
1 0.38984375 0.3375 0.2328125 0.51875
1 0.44375 0.10625 0.146875 0.2125
2 0.43671875 0.12578125 0.0515625 0.075
2 0.4546875 0.05 0.05 0.09375
1 0.35234375 0.1609375 0.1765625 0.321875