1 0.4265625 0.83671875 0.221875 0.3265625
2 0.434375 0.746875 0.06875 0.1265625
1 0.2859375 0.64765625 0.215625 0.5359375
1 0.2640625 0.47578125 0.20625 0.45
2 0.30625 0.43828125 0.0609375 0.1046875
1 0.0828125 0.725 0.165625 0.434375
2 0.0765625 0.578125 0.059375 0.1109375
1 0.04140625 0.67265625 0.0828125 0.5078125
2 0.03046875 0.4828125 0.0609375 0.125
1 0.30546875 0.2140625 0.1625 0.328125
2 0.29140625 0.321875 0.0578125 0.121875
2 0.3234375 0.1078125 0.053125 0.0984375
1 0.45625 0.38203125 0.2 0.496875
1 0.4515625 0.23828125 0.165625 0.3640625
2 0.48125 0.18046875 0.05 0.0796875
1 0.6453125 0.33828125 0.1859375 0.465625
2 0.6734375 0.1578125 0.053125 0.0890625
2 0.3484375 0.01640625 0.04375 0.0328125
2 0.4640625 0.10859375 0.05 0.0921875
2 0.49140625 0.0359375 0.0453125 0.071875