1 0.29453125 0.778125 0.2 0.4171875
2 0.315625 0.646875 0.065625 0.1390625
1 0.84140625 0.809375 0.2046875 0.38125
2 0.8546875 0.690625 0.065625 0.121875
1 0.5734375 0.7609375 0.1953125 0.4375
2 0.5921875 0.6140625 0.0640625 0.128125
2 0.5578125 0.89375 0.075 0.153125
1 0.73515625 0.53046875 0.171875 0.478125
1 0.778125 0.41875 0.1609375 0.421875
2 0.79296875 0.2609375 0.05 0.096875
1 0.66015625 0.36875 0.1421875 0.4296875
2 0.6890625 0.20234375 0.0453125 0.084375
2 0.759375 0.340625 0.0453125 0.0890625
1 0.465625 0.384375 0.1578125 0.2484375
2 0.47890625 0.31484375 0.046875 0.096875
1 0.428125 0.66953125 0.1984375 0.5703125
2 0.45859375 0.44296875 0.05625 0.1078125
1 0.62734375 0.26796875 0.11875 0.359375
2 0.653125 0.14296875 0.0421875 0.1015625
1 0.58671875 0.15859375 0.13125 0.3125
1 0.74921875 0.1640625 0.1296875 0.2890625