2 0.55078125 0.94375 0.0953125 0.1125
1 0.421875 0.75390625 0.271875 0.4921875
2 0.4734375 0.584375 0.0734375 0.1171875
1 0.26484375 0.80234375 0.24375 0.328125
2 0.29765625 0.7296875 0.090625 0.140625
1 0.7640625 0.7734375 0.278125 0.453125
2 0.81875 0.6203125 0.0671875 0.1109375
2 0.84375 0.5171875 0.071875 0.1109375
1 0.64453125 0.5875 0.2375 0.4953125
2 0.70546875 0.40390625 0.0625 0.096875
1 0.78125 0.32734375 0.21875 0.440625
2 0.7390625 0.3265625 0.0625 0.1109375
2 0.828125 0.1671875 0.0578125 0.09375
1 0.68515625 0.24296875 0.1796875 0.390625
2 0.71796875 0.0984375 0.0546875 0.0890625
1 0.60078125 0.31796875 0.228125 0.4640625
2 0.6546875 0.13984375 0.0546875 0.0796875
1 0.4921875 0.17734375 0.19375 0.3546875
2 0.5265625 0.0421875 0.053125 0.0828125