1 0.51875 0.84609375 0.1765625 0.3078125
2 0.5265625 0.75390625 0.05 0.1203125
1 0.68828125 0.6796875 0.1359375 0.5203125
1 0.73671875 0.51328125 0.13984375 0.4328125
2 0.70078125 0.46953125 0.04609375 0.0984375
1 0.9046875 0.79296875 0.159375 0.4140625
2 0.90625 0.64375 0.04296875 0.10625
1 0.96171875 0.7484375 0.0765625 0.50234375
2 0.96953125 0.55703125 0.0515625 0.11796875
1 0.73671875 0.24765625 0.11484375 0.31328125
2 0.73359375 0.35703125 0.040625 0.11640625
2 0.7359375 0.140625 0.03828125 0.09296875
1 0.56171875 0.390625 0.12578125 0.4828125
1 0.5890625 0.24921875 0.11171875 0.3515625
2 0.56875 0.1875 0.0390625 0.07421875
1 0.38203125 0.31796875 0.115625 0.45390625
2 0.38203125 0.13515625 0.03984375 0.08359375
2 0.72734375 0.03046875 0.034375 0.0609375
2 0.596875 0.11875 0.0375 0.08671875
2 0.58046875 0.040625 0.03515625 0.07265625