1 0.73125 0.46328125 0.13125 0.509375
2 0.73203125 0.2578125 0.04375 0.09375
1 0.2640625 0.7984375 0.159375 0.403125
2 0.25 0.65390625 0.0515625 0.109375
1 0.17734375 0.734375 0.1375 0.53125
2 0.196875 0.53671875 0.04375 0.1296875
1 0.41640625 0.55859375 0.140625 0.55
1 0.403125 0.23515625 0.10625 0.325
1 0.4390625 0.30546875 0.1234375 0.278125
2 0.4078125 0.32734375 0.04375 0.0828125
2 0.43046875 0.21640625 0.040625 0.096875
1 0.25625 0.40234375 0.125 0.46875
2 0.25390625 0.22109375 0.040625 0.1
2 0.40390625 0.1140625 0.0375 0.084375
2 0.25390625 0.10546875 0.0390625 0.08125
1 0.19609375 0.209375 0.08125 0.4125
2 0.20703125 0.0390625 0.034375 0.078125
1 0.65703125 0.140625 0.096875 0.28125
1 0.4875 0.1609375 0.1078125 0.321875