2 0.63515625 0.92734375 0.0828125 0.1171875
1 0.6984375 0.79375 0.2375 0.365625
2 0.671875 0.6921875 0.078125 0.1296875
1 0.928125 0.78203125 0.14375 0.2734375
2 0.94609375 0.7359375 0.0921875 0.15
1 0.17578125 0.8109375 0.2640625 0.378125
2 0.1609375 0.98203125 0.090625 0.0359375
1 0.1203125 0.6015625 0.2140625 0.3765625
2 0.12578125 0.703125 0.08125 0.13125
1 0.35546875 0.84609375 0.2546875 0.3078125
1 0.296875 0.65625 0.2328125 0.43125
2 0.32734375 0.77109375 0.078125 0.1234375
2 0.09453125 0.4796875 0.065625 0.10625
2 0.2703125 0.51875 0.071875 0.1359375
1 0.49765625 0.71328125 0.2703125 0.5734375
1 0.428125 0.440625 0.2078125 0.328125
2 0.44296875 0.50703125 0.078125 0.128125
1 0.4328125 0.3078125 0.2046875 0.421875
2 0.4 0.35 0.0703125 0.11875
1 0.2125 0.26875 0.1953125 0.403125
2 0.17734375 0.1171875 0.0484375 0.078125
2 0.39453125 0.14921875 0.05 0.0828125
2 0.3890625 0.07421875 0.053125 0.078125