2 0.3125 0.90703125 0.0734375 0.1359375
1 0.52890625 0.78828125 0.2078125 0.4234375
2 0.55078125 0.65078125 0.071875 0.1296875
1 0.71875 0.76484375 0.2125 0.4703125
2 0.7203125 0.9359375 0.075 0.128125
1 0.90078125 0.7171875 0.1984375 0.440625
2 0.9265625 0.5640625 0.059375 0.1140625
1 0.8703125 0.87421875 0.2 0.2515625
2 0.89765625 0.82578125 0.0765625 0.1390625
2 0.7359375 0.60859375 0.065625 0.14375
1 0.51640625 0.3703125 0.1765625 0.4359375
2 0.55078125 0.47109375 0.0640625 0.125
1 0.77890625 0.35078125 0.171875 0.44375
2 0.80078125 0.18046875 0.046875 0.0859375
1 0.39140625 0.2125 0.1671875 0.425
2 0.41875 0.040625 0.046875 0.08125
2 0.53828125 0.20546875 0.046875 0.0890625
2 0.56015625 0.0484375 0.046875 0.0921875
2 0.5796875 0.134375 0.0515625 0.090625