1 0.828125 0.86953125 0.24375 0.2609375
2 0.7484375 0.953125 0.08125 0.09375
2 0.834375 0.83203125 0.0765625 0.153125
1 0.76171875 0.59453125 0.2375 0.5578125
1 0.76640625 0.41640625 0.2 0.453125
2 0.80234375 0.38203125 0.065625 0.115625
1 0.5578125 0.7390625 0.2625 0.521875
1 0.6296875 0.3828125 0.1921875 0.4296875
2 0.60546875 0.55 0.06875 0.109375
1 0.52890625 0.53515625 0.228125 0.5109375
1 0.5703125 0.228125 0.1828125 0.384375
2 0.56875 0.34609375 0.0640625 0.1125
1 0.6796875 0.15234375 0.153125 0.2640625
2 0.66328125 0.22265625 0.0578125 0.0921875
1 0.846875 0.1828125 0.13125 0.2578125
2 0.80546875 0.24765625 0.0578125 0.09375
1 0.3890625 0.18828125 0.175 0.3765625
2 0.42734375 0.03125 0.0484375 0.0625
2 0.59921875 0.09609375 0.053125 0.1046875
1 0.865625 0.3671875 0.184375 0.4625
2 0.89765625 0.190625 0.053125 0.0921875
2 0.87734375 0.09296875 0.0453125 0.0625
1 0.065625 0.55390625 0.13125 0.5578125