1 0.1421875 0.5234375 0.1515625 0.4984375
2 0.14765625 0.334375 0.04375 0.109375
1 0.3484375 0.459375 0.1453125 0.471875
2 0.353125 0.28125 0.046875 0.1078125
1 0.278125 0.73515625 0.171875 0.51875
2 0.29296875 0.53515625 0.05 0.1125
2 0.865625 0.890625 0.05625 0.1328125
1 0.48046875 0.8125 0.1828125 0.375
2 0.4921875 0.69453125 0.0578125 0.1265625
1 0.76328125 0.5953125 0.1515625 0.5265625
1 0.78203125 0.2265625 0.11875 0.3625
2 0.7703125 0.3859375 0.0484375 0.1015625
1 0.56640625 0.4546875 0.1359375 0.3796875
2 0.575 0.32109375 0.0484375 0.1015625
1 0.571875 0.75546875 0.15625 0.4890625
2 0.57578125 0.5734375 0.0546875 0.1171875
1 0.4609375 0.3984375 0.1328125 0.4640625
2 0.4703125 0.21015625 0.040625 0.0875
1 0.42265625 0.22265625 0.1015625 0.31875
2 0.4390625 0.10625 0.034375 0.0796875
2 0.7890625 0.08671875 0.040625 0.08125
1 0.675 0.28828125 0.1203125 0.396875
2 0.6828125 0.13046875 0.034375 0.0765625
2 0.671875 0.046875 0.0375 0.0703125
1 0.65390625 0.684375 0.1484375 0.540625
2 0.6515625 0.48046875 0.0515625 0.128125