1 0.91796875 0.8640625 0.1640625 0.271875
2 0.9265625 0.80234375 0.06015625 0.146875
1 0.5703125 0.79765625 0.16640625 0.40390625
2 0.565625 0.91328125 0.06171875 0.14609375
1 0.72265625 0.76015625 0.19296875 0.4796875
2 0.74453125 0.5796875 0.05390625 0.1140625
2 0.575 0.6578125 0.05546875 0.1234375
1 0.25078125 0.5515625 0.1328125 0.515625
2 0.26015625 0.353125 0.04375 0.103125
1 0.484375 0.621875 0.15078125 0.53828125
1 0.4859375 0.33203125 0.121875 0.26640625
2 0.4890625 0.4171875 0.046875 0.12578125
1 0.8703125 0.63203125 0.128125 0.55078125
1 0.865625 0.35234375 0.13203125 0.30625
2 0.87109375 0.41484375 0.046875 0.1109375
2 0.87421875 0.24765625 0.0421875 0.096875
1 0.77421875 0.25625 0.1109375 0.43046875
2 0.7734375 0.084375 0.0359375 0.08203125
1 0.66875 0.23515625 0.1125 0.26875
2 0.66640625 0.153125 0.03515625 0.10234375
1 0.653125 0.490625 0.1375 0.5484375
2 0.65859375 0.2625 0.03984375 0.0859375
1 0.4875 0.1421875 0.0875 0.284375
2 0.4859375 0.2421875 0.03828125 0.08046875
1 0.534375 0.28671875 0.0984375 0.41171875
2 0.53359375 0.12421875 0.0390625 0.084375
2 0.4953125 0.03828125 0.0359375 0.075