1 0.85546875 0.778125 0.2203125 0.3171875
2 0.8484375 0.696875 0.084375 0.1296875
1 0.89453125 0.68984375 0.2109375 0.4546875
2 0.871875 0.55625 0.0796875 0.1453125
1 0.53359375 0.4375 0.234375 0.471875
1 0.4359375 0.184375 0.1875 0.36875
2 0.49609375 0.265625 0.0671875 0.1109375
1 0.74140625 0.409375 0.246875 0.5171875
1 0.6875 0.2421875 0.20625 0.4015625
2 0.69375 0.2125 0.0671875 0.1125
1 0.63203125 0.63671875 0.2875 0.6078125
1 0.55 0.2765625 0.2 0.3890625
2 0.58125 0.3984375 0.06875 0.1015625
2 0.4046875 0.05 0.0515625 0.0875
2 0.515625 0.1390625 0.059375 0.09375
1 0.74609375 0.2046875 0.1984375 0.409375
2 0.7015625 0.03125 0.05625 0.0625
2 0.65546875 0.096875 0.0609375 0.0921875
1 0.1828125 0.63046875 0.275 0.5640625
2 0.12890625 0.42109375 0.06875 0.1109375
1 0.259375 0.21484375 0.175 0.34375
2 0.23125 0.07109375 0.0390625 0.04375