1 0.54921875 0.871875 0.2234375 0.25625
2 0.53203125 0.82265625 0.0734375 0.13125
1 0.14375 0.84765625 0.21875 0.3046875
2 0.11328125 0.76640625 0.0671875 0.1171875
1 0.3484375 0.74140625 0.240625 0.5171875
1 0.2625 0.60546875 0.2265625 0.4625
2 0.29765625 0.55390625 0.0640625 0.1109375
1 0.22734375 0.334375 0.18125 0.359375
2 0.23515625 0.44453125 0.0609375 0.1234375
1 0.4203125 0.440625 0.21875 0.5109375
2 0.3734375 0.2375 0.053125 0.08125
1 0.60703125 0.33046875 0.203125 0.478125
2 0.56953125 0.14609375 0.05625 0.0953125
2 0.20234375 0.2125 0.05625 0.1015625
2 0.3421875 0.16484375 0.0546875 0.09375
2 0.33515625 0.0859375 0.05 0.09375
2 0.184375 0.09765625 0.05 0.0828125