2 0.36328125 0.9265625 0.0578125 0.1296875
1 0.56484375 0.78984375 0.15703125 0.4203125
2 0.56875 0.64375 0.05703125 0.12421875
1 0.7515625 0.7546875 0.153125 0.490625
2 0.77265625 0.9109375 0.06015625 0.13046875
1 0.925 0.6671875 0.14921875 0.425
2 0.93125 0.51171875 0.046875 0.10859375
1 0.91640625 0.8546875 0.16640625 0.290625
2 0.934375 0.775 0.0609375 0.1328125
2 0.74765625 0.57890625 0.0484375 0.13828125
1 0.50078125 0.36953125 0.12578125 0.42421875
2 0.546875 0.46484375 0.04921875 0.11953125
1 0.75859375 0.31796875 0.11953125 0.43203125
2 0.759375 0.14609375 0.0375 0.08203125
1 0.35625 0.21796875 0.115625 0.4359375
2 0.3640625 0.05 0.03671875 0.08515625
2 0.50234375 0.203125 0.0375 0.084375
2 0.5046875 0.04453125 0.0359375 0.0890625
2 0.534375 0.12734375 0.04140625 0.08671875