2 0.93203125 0.90078125 0.05625 0.15703125
1 0.79453125 0.628125 0.146875 0.56796875
2 0.79609375 0.40234375 0.04765625 0.115625
1 0.61328125 0.79921875 0.17578125 0.40078125
2 0.62421875 0.65703125 0.05546875 0.10859375
1 0.5265625 0.63203125 0.14375 0.52734375
1 0.5125 0.27734375 0.12421875 0.38671875
2 0.528125 0.4203125 0.04765625 0.11015625
1 0.846875 0.3265625 0.1078125 0.42265625
2 0.84609375 0.1640625 0.03828125 0.09140625
1 0.74375 0.41015625 0.115625 0.42421875
2 0.75390625 0.24609375 0.04296875 0.09140625
1 0.6015625 0.43984375 0.12421875 0.47421875
1 0.62109375 0.15546875 0.11328125 0.31015625
2 0.6046875 0.253125 0.04375 0.0953125
1 0.7984375 0.16484375 0.08671875 0.29453125
2 0.81328125 0.06171875 0.0375 0.08359375
1 0.49453125 0.09296875 0.0984375 0.1859375
2 0.51640625 0.13359375 0.0375 0.1015625
2 0.625 0.03125 0.0328125 0.06171875
1 0.31875 0.2515625 0.10859375 0.4109375
2 0.32578125 0.090625 0.03515625 0.0828125
2 0.49375 0.0171875 0.03125 0.034375