2 0.61484375 0.8390625 0.0703125 0.125
1 0.50703125 0.73125 0.1921875 0.5375
1 0.515625 0.3625 0.1609375 0.434375
2 0.52421875 0.5328125 0.0625 0.121875
1 0.803125 0.7234375 0.190625 0.553125
1 0.86328125 0.40625 0.1421875 0.4234375
2 0.81640625 0.515625 0.0578125 0.1265625
1 0.74609375 0.5390625 0.16875 0.5046875
2 0.7640625 0.34375 0.0515625 0.1015625
1 0.58828125 0.5484375 0.165625 0.521875
1 0.65 0.26640625 0.1484375 0.4296875
2 0.6078125 0.34296875 0.0515625 0.103125
1 0.528125 0.134375 0.11875 0.228125
2 0.53203125 0.20625 0.046875 0.1109375
1 0.31796875 0.31484375 0.14375 0.4375
2 0.33828125 0.14453125 0.04375 0.090625
1 0.84765625 0.25546875 0.140625 0.3328125
2 0.875 0.24609375 0.046875 0.096875
2 0.859375 0.13359375 0.04375 0.0796875
2 0.665625 0.09375 0.0390625 0.06875
2 0.5328125 0.06171875 0.0390625 0.0703125