1 0.14296875 0.5359375 0.134375 0.49375
2 0.1421875 0.346875 0.03984375 0.1078125
1 0.346875 0.46484375 0.12890625 0.4671875
2 0.3453125 0.28671875 0.04296875 0.10625
1 0.28671875 0.74296875 0.1546875 0.51328125
2 0.29453125 0.5421875 0.046875 0.11015625
2 0.87890625 0.87734375 0.05234375 0.13046875
1 0.49140625 0.81484375 0.1703125 0.3703125
2 0.49921875 0.69453125 0.053125 0.12421875
1 0.76640625 0.5859375 0.1328125 0.521875
1 0.77265625 0.2171875 0.10625 0.359375
2 0.76640625 0.3765625 0.04453125 0.1
1 0.56484375 0.45234375 0.12265625 0.37578125
2 0.56875 0.31875 0.04453125 0.10078125
1 0.58046875 0.75546875 0.1390625 0.4890625
2 0.578125 0.57109375 0.05078125 0.115625
1 0.45703125 0.4 0.11640625 0.46015625
2 0.46015625 0.21171875 0.0375 0.0859375
1 0.41328125 0.22578125 0.090625 0.31640625
2 0.425 0.10859375 0.03125 0.078125
2 0.77421875 0.0765625 0.0375 0.0796875
1 0.6671875 0.28203125 0.10625 0.39375
2 0.66953125 0.12421875 0.03125 0.075
2 0.65625 0.04140625 0.034375 0.06875
1 0.66015625 0.67890625 0.13046875 0.5359375
2 0.65078125 0.475 0.046875 0.1265625