1 0.0921875 0.490625 0.184375 0.528125
2 0.08828125 0.303125 0.075 0.128125
1 0.18359375 0.7375 0.2578125 0.4140625
2 0.2265625 0.61875 0.0828125 0.1390625
1 0.34609375 0.51640625 0.2515625 0.5171875
2 0.39453125 0.32734375 0.0703125 0.1140625
1 0.41484375 0.8328125 0.2453125 0.334375
2 0.44453125 0.74765625 0.0859375 0.125
1 0.64765625 0.76953125 0.2703125 0.4609375
2 0.690625 0.6234375 0.0828125 0.1421875
1 0.7546875 0.72421875 0.259375 0.5515625
1 0.8203125 0.34609375 0.209375 0.4328125
2 0.8046875 0.51640625 0.0703125 0.1125
1 0.5625 0.53671875 0.2234375 0.41875
1 0.51953125 0.7953125 0.2359375 0.409375
2 0.54765625 0.6625 0.08125 0.1296875
2 0.59921875 0.4015625 0.071875 0.11875
1 0.475 0.446875 0.234375 0.4984375
1 0.49453125 0.2578125 0.1796875 0.31875
2 0.525 0.25859375 0.059375 0.0953125
1 0.72734375 0.3734375 0.1984375 0.4078125
2 0.76328125 0.22109375 0.0515625 0.0859375
2 0.8625 0.18828125 0.059375 0.09375
2 0.521875 0.1484375 0.0515625 0.084375
1 0.715625 0.25078125 0.1640625 0.35625
2 0.75859375 0.12265625 0.0515625 0.08125
1 0.66953125 0.1921875 0.18125 0.3359375
2 0.7 0.0609375 0.0421875 0.0578125