1 0.3875 0.84296875 0.240625 0.3140625
2 0.36171875 0.76796875 0.078125 0.1296875
1 0.2484375 0.80390625 0.253125 0.3921875
2 0.21328125 0.67578125 0.0640625 0.109375
1 0.5640625 0.68828125 0.271875 0.5953125
1 0.465625 0.515625 0.2203125 0.4734375
2 0.5046875 0.4578125 0.0671875 0.1078125
1 0.28125 0.44609375 0.2140625 0.4640625
2 0.240625 0.27265625 0.05625 0.0921875
2 0.4265625 0.33671875 0.0609375 0.0953125
1 0.6140625 0.37265625 0.2125 0.45
2 0.56953125 0.2078125 0.0578125 0.0953125
1 0.72421875 0.29921875 0.203125 0.4375
2 0.6859375 0.14296875 0.0546875 0.1015625
1 0.64375 0.2046875 0.1890625 0.3953125
2 0.61171875 0.059375 0.0546875 0.0921875
2 0.3734375 0.26953125 0.0609375 0.1109375
2 0.3546875 0.1609375 0.053125 0.0890625
1 0.50859375 0.22421875 0.1859375 0.4046875
2 0.47109375 0.075 0.053125 0.09375
1 0.31328125 0.20078125 0.1609375 0.34375
2 0.734375 0.9140625 0.06875 0.096875