2 0.9609375 0.93203125 0.0625 0.1359375
2 0.6546875 0.87265625 0.06015625 0.14140625
1 0.371875 0.8203125 0.1703125 0.359375
2 0.38203125 0.70703125 0.05703125 0.12734375
1 0.48203125 0.73984375 0.1546875 0.5203125
2 0.4859375 0.53203125 0.04375 0.1046875
1 0.81875 0.70625 0.140625 0.53359375
2 0.8203125 0.4890625 0.04296875 0.09921875
2 0.81015625 0.38671875 0.04609375 0.10859375
1 0.65625 0.5046875 0.1171875 0.4734375
2 0.66796875 0.31640625 0.04140625 0.0890625
1 0.7265625 0.23515625 0.11015625 0.42109375
2 0.728125 0.07109375 0.034375 0.08984375
1 0.55 0.2609375 0.1140625 0.4390625
2 0.55703125 0.0796875 0.03671875 0.071875
1 0.4140625 0.159375 0.10703125 0.31875
2 0.4109375 0.02265625 0.03359375 0.0453125
1 0.61171875 0.18046875 0.08828125 0.3609375
2 0.609375 0.0328125 0.034375 0.065625
2 0.67109375 0.2296875 0.0359375 0.08828125