2 0.39375 0.92109375 0.0546875 0.1171875
1 0.7078125 0.80390625 0.1859375 0.3796875
2 0.703125 0.678125 0.0546875 0.11875
1 0.82421875 0.7421875 0.175 0.490625
2 0.8453125 0.91875 0.05625 0.13125
2 0.809375 0.55234375 0.0484375 0.1
1 0.48828125 0.64609375 0.1640625 0.54375
1 0.525 0.465625 0.1453125 0.440625
2 0.48359375 0.42421875 0.05 0.0921875
2 0.51640625 0.28984375 0.04375 0.084375
1 0.23203125 0.34140625 0.128125 0.4203125
2 0.22421875 0.184375 0.0390625 0.096875
1 0.271875 0.2265625 0.121875 0.378125
2 0.2625 0.07890625 0.0375 0.078125
1 0.36328125 0.37109375 0.1375 0.4140625
2 0.3609375 0.2078125 0.040625 0.0859375
1 0.69140625 0.36328125 0.1359375 0.4375
2 0.68359375 0.18828125 0.040625 0.0828125
1 0.41015625 0.21328125 0.1171875 0.3921875
2 0.40546875 0.0578125 0.034375 0.075
2 0.553125 0.21640625 0.0421875 0.103125
2 0.540625 0.11171875 0.0390625 0.0859375
1 0.59140625 0.140625 0.1046875 0.28125