1 0.26875 0.46328125 0.13125 0.51015625
2 0.26796875 0.2578125 0.04296875 0.09375
1 0.7359375 0.7984375 0.159375 0.403125
2 0.75 0.65390625 0.0515625 0.11015625
1 0.82265625 0.734375 0.13671875 0.53125
2 0.803125 0.53671875 0.04296875 0.1296875
1 0.58359375 0.55859375 0.140625 0.54921875
1 0.596875 0.23515625 0.10703125 0.325
1 0.5609375 0.30546875 0.1234375 0.27890625
2 0.5921875 0.32734375 0.04375 0.0828125
2 0.56953125 0.21640625 0.040625 0.09765625
1 0.74375 0.40234375 0.12578125 0.46796875
2 0.74609375 0.22109375 0.040625 0.1
2 0.59609375 0.1140625 0.0375 0.08359375
2 0.74609375 0.10546875 0.0390625 0.08125
1 0.80390625 0.209375 0.08203125 0.4125
2 0.79296875 0.0390625 0.034375 0.07734375
1 0.34296875 0.140625 0.09609375 0.28046875
1 0.5125 0.1609375 0.1078125 0.321875