2 0.98359375 0.746875 0.0328125 0.140625
1 0.72421875 0.82578125 0.228125 0.29375
2 0.7125 0.76875 0.0875 0.14375
1 0.4625 0.796875 0.259375 0.40625
2 0.4390625 0.66875 0.08125 0.128125
1 0.5203125 0.690625 0.271875 0.5453125
2 0.4734375 0.48515625 0.065625 0.10625
1 0.83046875 0.584375 0.2609375 0.5390625
2 0.78203125 0.37890625 0.0625 0.1015625
2 0.74296875 0.28046875 0.0671875 0.1078125
1 0.6359375 0.4328125 0.215625 0.4640625
2 0.60546875 0.25390625 0.059375 0.0953125
1 0.52734375 0.14140625 0.1578125 0.2828125
2 0.58046875 0.1734375 0.0546875 0.0875
1 0.6484375 0.18984375 0.20625 0.3796875
2 0.60859375 0.02734375 0.0546875 0.0546875
1 0.484375 0.2234375 0.2078125 0.440625
2 0.44765625 0.05546875 0.053125 0.084375
2 0.49375 0.01484375 0.04375 0.0296875