2 0.60234375 0.8921875 0.075 0.1375
1 0.94921875 0.7546875 0.1015625 0.34375
2 0.98125 0.64921875 0.0375 0.1171875
1 0.7484375 0.7109375 0.23125 0.515625
2 0.72734375 0.515625 0.0640625 0.1109375
1 0.80078125 0.5734375 0.2140625 0.5125
1 0.70390625 0.28984375 0.1890625 0.415625
2 0.753125 0.3921875 0.0609375 0.125
1 0.3234375 0.421875 0.203125 0.496875
2 0.28984375 0.22734375 0.05625 0.0953125
1 0.56484375 0.44921875 0.21875 0.521875
2 0.5359375 0.24296875 0.0578125 0.09375
2 0.6796875 0.14140625 0.053125 0.0984375
2 0.52578125 0.15625 0.0546875 0.096875
2 0.51328125 0.0703125 0.0515625 0.0875
2 0.659375 0.034375 0.05 0.06875