1 0.09921875 0.71640625 0.1984375 0.4265625
1 0.140625 0.42265625 0.2078125 0.45625
2 0.1 0.5875 0.0828125 0.140625
1 0.3890625 0.821875 0.2421875 0.3546875
1 0.3859375 0.67578125 0.240625 0.4796875
2 0.4078125 0.72890625 0.084375 0.140625
1 0.23125 0.659375 0.284375 0.5984375
2 0.26484375 0.4265625 0.071875 0.115625
2 0.41640625 0.5078125 0.0734375 0.121875
1 0.725 0.50546875 0.2203125 0.4953125
2 0.75625 0.321875 0.0609375 0.1046875
1 0.5 0.51953125 0.2421875 0.525
1 0.55078125 0.25859375 0.1609375 0.2625
2 0.53671875 0.33203125 0.0671875 0.1234375
2 0.1765625 0.259375 0.0640625 0.109375
2 0.209375 0.13125 0.059375 0.096875
1 0.32421875 0.18125 0.1828125 0.3625
2 0.36171875 0.01484375 0.0453125 0.0296875
1 0.3734375 0.37734375 0.234375 0.5328125
1 0.4234375 0.13046875 0.146875 0.2078125
2 0.41640625 0.16484375 0.053125 0.0859375
2 0.43125 0.08203125 0.0515625 0.1
1 0.55703125 0.1359375 0.15 0.2328125
2 0.56640625 0.18125 0.05 0.0875
2 0.56484375 0.07265625 0.053125 0.0890625