2 0.9375 0.8640625 0.059375 0.1296875
1 0.6390625 0.8703125 0.17109375 0.259375
2 0.64140625 0.8125 0.05625 0.13359375
1 0.38828125 0.79453125 0.16484375 0.41015625
2 0.4 0.64921875 0.05390625 0.11875
1 0.4734375 0.68984375 0.14921875 0.52421875
2 0.478125 0.47890625 0.04375 0.0984375
1 0.8 0.66171875 0.1390625 0.5203125
2 0.803125 0.45078125 0.040625 0.0953125
2 0.7890625 0.34609375 0.04453125 0.09921875
1 0.6484375 0.46796875 0.11015625 0.45
2 0.66171875 0.28671875 0.03984375 0.08828125
1 0.61640625 0.14765625 0.0890625 0.2953125
2 0.65703125 0.20234375 0.03515625 0.08203125
1 0.725 0.2125 0.109375 0.4140625
2 0.725 0.05078125 0.03515625 0.08515625
1 0.5515625 0.228125 0.10859375 0.4265625
2 0.55703125 0.05625 0.03515625 0.07890625
2 0.61328125 0.01953125 0.0359375 0.0390625