1 0.49375 0.84375 0.196875 0.3125
2 0.50859375 0.75546875 0.0578125 0.1234375
1 0.675 0.6921875 0.171875 0.528125
1 0.73515625 0.5296875 0.1703125 0.4421875
2 0.70234375 0.48359375 0.053125 0.1015625
1 0.8828125 0.80390625 0.1875 0.3921875
2 0.8953125 0.671875 0.05 0.109375
1 0.94296875 0.76328125 0.1109375 0.4734375
2 0.9640625 0.58984375 0.059375 0.121875
1 0.75390625 0.26484375 0.1359375 0.3203125
2 0.74296875 0.3734375 0.0484375 0.11875
2 0.76015625 0.1578125 0.0453125 0.0953125
1 0.56953125 0.3953125 0.159375 0.490625
1 0.60625 0.25625 0.1359375 0.3578125
2 0.590625 0.19296875 0.04375 0.0765625
1 0.3953125 0.31015625 0.146875 0.4609375
2 0.4078125 0.128125 0.0453125 0.0859375
2 0.759375 0.04765625 0.0390625 0.0625
2 0.6234375 0.1265625 0.04375 0.0890625
2 0.6125 0.04765625 0.040625 0.075