2 0.103125 0.96015625 0.08125 0.0796875
2 0.3984375 0.890625 0.0796875 0.1484375
1 0.67109375 0.79921875 0.21875 0.3796875
2 0.6453125 0.68828125 0.0734375 0.134375
1 0.5515625 0.7328125 0.225 0.534375
2 0.51875 0.5296875 0.0578125 0.109375
1 0.21328125 0.73671875 0.2140625 0.5265625
2 0.18125 0.53359375 0.05625 0.1046875
2 0.17734375 0.43125 0.0609375 0.1140625
1 0.34609375 0.5265625 0.18125 0.484375
2 0.3078125 0.34140625 0.053125 0.09375
1 0.2390625 0.26953125 0.1671875 0.4328125
2 0.2140625 0.10703125 0.046875 0.09375
1 0.4171875 0.2703125 0.1734375 0.45
2 0.38515625 0.09140625 0.046875 0.0765625
1 0.5375 0.1578125 0.15 0.315625
2 0.52109375 0.01953125 0.0390625 0.0390625
1 0.34453125 0.19921875 0.1375 0.3703125
2 0.3265625 0.05234375 0.04375 0.0703125
2 0.29296875 0.25625 0.0484375 0.0921875