1 0.79921875 0.4171875 0.2046875 0.4765625
2 0.76171875 0.24296875 0.0578125 0.1109375
1 0.6375 0.30078125 0.171875 0.3234375
2 0.61796875 0.19609375 0.0578125 0.096875
1 0.521875 0.33828125 0.196875 0.4546875
2 0.4859375 0.16796875 0.053125 0.090625
1 0.53359375 0.18359375 0.15 0.35
2 0.50234375 0.0546875 0.046875 0.075
1 0.70859375 0.584375 0.23125 0.5171875
2 0.6609375 0.38984375 0.0609375 0.1078125
1 0.56796875 0.7671875 0.2421875 0.465625
2 0.528125 0.615625 0.0734375 0.1296875
2 0.39296875 0.9359375 0.0796875 0.128125
1 0.2125 0.88671875 0.225 0.2265625
2 0.20234375 0.84609375 0.0734375 0.1234375
1 0.4703125 0.703125 0.234375 0.5359375
1 0.41484375 0.39140625 0.1765625 0.3484375
2 0.43671875 0.50703125 0.06875 0.1265625
1 0.27265625 0.56484375 0.215625 0.5046875
1 0.1796875 0.24453125 0.175 0.3890625
2 0.23515625 0.37421875 0.0609375 0.1015625
1 0.39921875 0.60234375 0.203125 0.5109375
2 0.37265625 0.41484375 0.0671875 0.1265625
2 0.38671875 0.27890625 0.05625 0.103125
2 0.15078125 0.096875 0.046875 0.0796875
1 0.303125 0.2703125 0.1703125 0.390625
2 0.2734375 0.12109375 0.040625 0.075
2 0.2640625 0.06015625 0.040625 0.0515625