1 0.5234375 0.88046875 0.18125 0.2390625
2 0.53046875 0.82265625 0.0515625 0.1234375
1 0.92421875 0.815625 0.1515625 0.36875
2 0.93046875 0.6875 0.046875 0.11015625
1 0.69765625 0.728125 0.13984375 0.540625
1 0.753125 0.55859375 0.14453125 0.44296875
2 0.70859375 0.5140625 0.0453125 0.1046875
1 0.7359375 0.28515625 0.11796875 0.34296875
2 0.74921875 0.3953125 0.0390625 0.11796875
1 0.5671875 0.4265625 0.12734375 0.4953125
2 0.57421875 0.21796875 0.03984375 0.07578125
1 0.3625 0.35390625 0.1171875 0.46484375
2 0.3640625 0.165625 0.0390625 0.08984375
2 0.7375 0.1609375 0.0390625 0.09609375
2 0.590625 0.140625 0.03828125 0.0875
2 0.5828125 0.06171875 0.034375 0.08828125
2 0.7328125 0.04453125 0.0359375 0.07734375