2 0.5328125 0.90390625 0.05390625 0.13046875
1 0.9375 0.83671875 0.125 0.3265625
2 0.9609375 0.7328125 0.0453125 0.11171875
1 0.7078125 0.75078125 0.146875 0.4984375
2 0.72109375 0.5546875 0.046875 0.10390625
1 0.78359375 0.62421875 0.12890625 0.49765625
1 0.7375 0.328125 0.12109375 0.4
2 0.76796875 0.4375 0.040625 0.11953125
1 0.33984375 0.3921875 0.12109375 0.48359375
2 0.340625 0.1953125 0.040625 0.0890625
1 0.57265625 0.4609375 0.1328125 0.50625
2 0.5796875 0.253125 0.04296875 0.0875
2 0.7390625 0.178125 0.0375 0.09375
2 0.58515625 0.165625 0.0390625 0.09140625
2 0.5875 0.07890625 0.0375 0.0828125
2 0.73984375 0.0640625 0.03671875 0.07578125
2 0.771875 0.01953125 0.03203125 0.03828125