1 0.16796875 0.5046875 0.11875 0.47734375
2 0.1734375 0.321875 0.03984375 0.10625
1 0.30078125 0.68828125 0.14765625 0.52421875
1 0.3375 0.3859375 0.121875 0.3640625
2 0.30859375 0.478125 0.0421875 0.10546875
2 0.3359375 0.25625 0.04140625 0.1015625
2 0.6828125 0.94453125 0.05390625 0.11015625
1 0.875 0.88515625 0.178125 0.2296875
2 0.86796875 0.8328125 0.0515625 0.1234375
1 0.48984375 0.79765625 0.1640625 0.4046875
2 0.49765625 0.65 0.0546875 0.109375
1 0.57578125 0.7375 0.1375 0.525
1 0.565625 0.415625 0.1234375 0.35390625
2 0.57109375 0.5375 0.0484375 0.12265625
1 0.75078125 0.5515625 0.12734375 0.50625
1 0.7703125 0.2015625 0.10390625 0.37734375
2 0.75078125 0.35 0.04375 0.0984375
2 0.56796875 0.28828125 0.04140625 0.09609375
1 0.453125 0.3703125 0.11328125 0.44765625
2 0.45703125 0.19140625 0.0359375 0.08828125
2 0.62734375 0.43046875 0.04609375 0.11953125
1 0.4125 0.21796875 0.0875 0.3484375
2 0.41875 0.08671875 0.03515625 0.0734375
1 0.65859375 0.2609375 0.10390625 0.3890625
2 0.659375 0.10390625 0.03125 0.07109375
2 0.77109375 0.05546875 0.03828125 0.0796875
2 0.653125 0.03203125 0.03203125 0.0640625