2 0.4640625 0.946875 0.0609375 0.10546875
1 0.37265625 0.83125 0.16640625 0.3375
2 0.37578125 0.72578125 0.05234375 0.12109375
1 0.1046875 0.88046875 0.18046875 0.2390625
2 0.11875 0.83046875 0.06171875 0.1390625
1 0.896875 0.7765625 0.1671875 0.446875
2 0.95 0.940625 0.065625 0.11875
1 0.89296875 0.51328125 0.1375 0.3546875
2 0.91015625 0.6140625 0.0546875 0.121875
1 0.725 0.8328125 0.18359375 0.33359375
1 0.7328125 0.60625 0.14375 0.409375
2 0.72890625 0.725 0.05390625 0.1140625
2 0.890625 0.3890625 0.04453125 0.0984375
2 0.728125 0.46640625 0.04453125 0.12890625
1 0.5515625 0.71484375 0.14609375 0.5703125
1 0.55625 0.42578125 0.1421875 0.3046875
2 0.55703125 0.49375 0.053125 0.11875
1 0.521875 0.29765625 0.115625 0.40625
2 0.5640625 0.33125 0.04609375 0.1109375
1 0.728125 0.21015625 0.1109375 0.38828125
2 0.728125 0.0546875 0.03359375 0.07265625
2 0.5234375 0.134375 0.03359375 0.0765625
2 0.5125 0.06015625 0.0375 0.07109375