2 0.3390625 0.85625 0.0625 0.1328125
1 0.49453125 0.79140625 0.1734375 0.4171875
2 0.50546875 0.6390625 0.0484375 0.10625
2 0.8734375 0.4765625 0.05 0.109375
1 0.85546875 0.76015625 0.1578125 0.4796875
2 0.859375 0.575 0.04375 0.1
1 0.66796875 0.5890625 0.1265625 0.49375
2 0.6828125 0.390625 0.0453125 0.09375
1 0.734375 0.275 0.1203125 0.41875
2 0.7046875 0.3015625 0.0390625 0.109375
2 0.73828125 0.1125 0.0375 0.0875
1 0.55625 0.32734375 0.1265625 0.4578125
2 0.56484375 0.1359375 0.0390625 0.071875
1 0.409375 0.234375 0.115625 0.396875
2 0.409375 0.07734375 0.0375 0.078125
1 0.61640625 0.23046875 0.0890625 0.39375
2 0.6109375 0.078125 0.0375 0.084375
2 0.58125 0.02265625 0.0328125 0.0421875