1 0.13671875 0.80546875 0.1890625 0.3890625
1 0.13203125 0.51171875 0.134375 0.44375
2 0.1328125 0.68203125 0.0609375 0.1328125
1 0.46953125 0.83671875 0.1890625 0.3265625
1 0.43203125 0.69765625 0.1640625 0.4640625
2 0.465625 0.74453125 0.0625 0.1328125
1 0.27734375 0.7140625 0.1890625 0.571875
2 0.25390625 0.4859375 0.053125 0.109375
2 0.4203125 0.528125 0.05625 0.115625
1 0.71953125 0.45078125 0.140625 0.484375
2 0.70546875 0.265625 0.0453125 0.0984375
1 0.5046875 0.51875 0.1578125 0.5109375
1 0.490625 0.253125 0.121875 0.246875
2 0.49453125 0.328125 0.0484375 0.1171875
2 0.128125 0.34453125 0.046875 0.1046875
2 0.12890625 0.2125 0.04375 0.090625
1 0.24765625 0.21171875 0.115625 0.3984375
2 0.24375 0.0421875 0.034375 0.06875
1 0.34765625 0.41171875 0.1484375 0.521875
1 0.33671875 0.16015625 0.1171875 0.1921875
2 0.3375 0.1953125 0.040625 0.08125
2 0.33203125 0.1109375 0.0359375 0.0953125
1 0.46796875 0.1328125 0.115625 0.21875
2 0.48671875 0.17421875 0.0359375 0.0828125
2 0.46015625 0.06953125 0.0390625 0.084375