1 0.25390625 0.74296875 0.2578125 0.43125
2 0.29453125 0.61640625 0.084375 0.1421875
1 0.784375 0.83125 0.2625 0.3375
2 0.8203125 0.74375 0.0828125 0.1265625
1 0.53125 0.76875 0.25625 0.4484375
2 0.5734375 0.62734375 0.08125 0.13125
2 0.4953125 0.8984375 0.096875 0.1578125
1 0.72734375 0.56640625 0.240625 0.4828125
1 0.7875 0.46328125 0.2203125 0.428125
2 0.8265625 0.309375 0.0640625 0.1
1 0.678125 0.39609375 0.2046875 0.4328125
2 0.73359375 0.2359375 0.0578125 0.0875
2 0.78125 0.3828125 0.0578125 0.0921875
1 0.484375 0.38046875 0.190625 0.2625
2 0.5078125 0.31328125 0.0609375 0.1
1 0.40234375 0.65546875 0.28125 0.5765625
2 0.46796875 0.4375 0.071875 0.1125
1 0.66171875 0.29140625 0.1703125 0.3609375
2 0.70703125 0.17109375 0.05625 0.103125
1 0.6390625 0.1765625 0.1765625 0.31875
1 0.7984375 0.20703125 0.1703125 0.296875