1 0.8734375 0.80078125 0.175 0.3984375
1 0.86796875 0.49921875 0.11953125 0.440625
2 0.8734375 0.66875 0.05625 0.13125
1 0.54140625 0.8375 0.178125 0.325
1 0.575 0.6953125 0.1484375 0.45859375
2 0.54296875 0.74296875 0.0578125 0.13125
1 0.7296875 0.71171875 0.16875 0.57578125
2 0.7453125 0.47734375 0.05 0.1078125
2 0.58046875 0.525 0.0515625 0.1140625
1 0.27890625 0.45859375 0.1234375 0.4796875
2 0.28671875 0.27265625 0.04140625 0.09765625
1 0.49609375 0.51875 0.140625 0.50625
1 0.50078125 0.253125 0.11328125 0.24375
2 0.49921875 0.328125 0.04375 0.11640625
2 0.86640625 0.33203125 0.04375 0.103125
2 0.8609375 0.2 0.04140625 0.08984375
1 0.7421875 0.203125 0.10234375 0.3953125
2 0.73984375 0.03359375 0.03203125 0.0671875
1 0.64921875 0.40625 0.13046875 0.5171875
1 0.6515625 0.1546875 0.11015625 0.18828125
2 0.6515625 0.18984375 0.0375 0.0796875
2 0.65390625 0.10546875 0.0328125 0.09453125
1 0.51953125 0.13203125 0.1078125 0.21484375
2 0.5015625 0.17421875 0.03359375 0.08203125
2 0.525 0.06875 0.0359375 0.08359375