1 0.76328125 0.3796875 0.128125 0.434375
2 0.76015625 0.21640625 0.0375 0.1
1 0.171875 0.79921875 0.16875 0.4015625
2 0.171875 0.65703125 0.046875 0.1046875
1 0.3125 0.85625 0.178125 0.2875
2 0.30546875 0.78125 0.053125 0.1296875
1 0.29296875 0.43984375 0.1234375 0.4625
1 0.2484375 0.1515625 0.096875 0.2953125
2 0.28828125 0.25546875 0.04375 0.090625
1 0.5234375 0.721875 0.153125 0.55625
2 0.509375 0.50546875 0.053125 0.1125
1 0.64609375 0.4484375 0.1203125 0.4484375
2 0.640625 0.27578125 0.04375 0.096875
1 0.69375 0.26875 0.115625 0.3828125
2 0.690625 0.1265625 0.0375 0.0890625
1 0.45078125 0.56640625 0.1296875 0.4953125
2 0.41796875 0.2875 0.0421875 0.109375
1 0.56015625 0.2640625 0.1125 0.4140625
2 0.55390625 0.096875 0.0359375 0.075
2 0.4234375 0.17421875 0.0375 0.0875
1 0.36953125 0.175 0.0984375 0.346875
2 0.36484375 0.03203125 0.0265625 0.059375
2 0.453125 0.37265625 0.04375 0.10625
1 0.60078125 0.1484375 0.084375 0.2953125