1 0.30859375 0.83203125 0.1671875 0.3359375
2 0.31640625 0.7375 0.0546875 0.13984375
1 0.4328125 0.71796875 0.15 0.5640625
1 0.4578125 0.43203125 0.1359375 0.25625
2 0.4421875 0.49140625 0.0484375 0.1078125
1 0.60859375 0.79453125 0.1546875 0.4109375
2 0.6015625 0.9234375 0.06171875 0.15234375
1 0.88671875 0.81875 0.1625 0.3625
2 0.88671875 0.7 0.0546875 0.125
2 0.61015625 0.65234375 0.053125 0.1265625
2 0.4640625 0.35 0.03828125 0.08984375
1 0.75 0.53671875 0.12734375 0.47890625
2 0.75390625 0.34453125 0.03984375 0.0921875
2 0.76796875 0.25859375 0.0421875 0.09609375
1 0.64453125 0.37421875 0.0984375 0.42421875
2 0.65546875 0.20625 0.040625 0.084375
1 0.60859375 0.26796875 0.078125 0.34140625
2 0.62265625 0.14765625 0.0328125 0.09921875
1 0.715625 0.15390625 0.103125 0.3078125
1 0.553125 0.16875 0.1046875 0.33671875