2 0.409375 0.846875 0.078125 0.128125
1 0.50859375 0.7296875 0.2265625 0.540625
1 0.47421875 0.3640625 0.190625 0.440625
2 0.478125 0.534375 0.0703125 0.125
1 0.21328125 0.73203125 0.2296875 0.5359375
1 0.13046875 0.43203125 0.1703125 0.428125
2 0.1859375 0.5375 0.065625 0.128125
1 0.25703125 0.55625 0.203125 0.509375
2 0.22578125 0.3625 0.0578125 0.103125
1 0.415625 0.5546875 0.2 0.5265625
1 0.33359375 0.27734375 0.1765625 0.4359375
2 0.38125 0.35078125 0.059375 0.1046875
1 0.446875 0.1375 0.1328125 0.2328125
2 0.44765625 0.209375 0.053125 0.1125
1 0.66875 0.30234375 0.1734375 0.4421875
2 0.63671875 0.134375 0.05 0.0921875
1 0.1359375 0.28046875 0.1625 0.3390625
2 0.10859375 0.27265625 0.053125 0.0984375
2 0.11640625 0.159375 0.0484375 0.08125
2 0.30625 0.10625 0.04375 0.071875
2 0.43671875 0.06484375 0.0421875 0.0734375