1 0.08203125 0.8640625 0.1640625 0.271875
2 0.0734375 0.80234375 0.059375 0.146875
1 0.4296875 0.79765625 0.165625 0.403125
2 0.434375 0.91328125 0.0625 0.146875
1 0.27734375 0.76015625 0.19375 0.4796875
2 0.25546875 0.5796875 0.053125 0.1140625
2 0.425 0.6578125 0.05625 0.1234375
1 0.74921875 0.5515625 0.1328125 0.515625
2 0.73984375 0.353125 0.04375 0.103125
1 0.515625 0.621875 0.15 0.5375
1 0.5140625 0.33203125 0.121875 0.265625
2 0.5109375 0.4171875 0.046875 0.125
1 0.1296875 0.63203125 0.128125 0.55
1 0.134375 0.35234375 0.13125 0.30625
2 0.12890625 0.41484375 0.046875 0.1109375
2 0.12578125 0.24765625 0.0421875 0.096875
1 0.22578125 0.25625 0.1109375 0.43125
2 0.2265625 0.084375 0.0359375 0.08125
1 0.33125 0.23515625 0.1125 0.26875
2 0.33359375 0.153125 0.034375 0.103125
1 0.346875 0.490625 0.1375 0.5484375
2 0.34140625 0.2625 0.040625 0.0859375
1 0.5125 0.1421875 0.0875 0.284375
2 0.5140625 0.2421875 0.0375 0.08125
1 0.465625 0.28671875 0.0984375 0.4125
2 0.46640625 0.12421875 0.0390625 0.084375
2 0.5046875 0.03828125 0.0359375 0.075