2 0.9609375 0.88046875 0.0609375 0.146875
1 0.72734375 0.78984375 0.2015625 0.4203125
2 0.7484375 0.640625 0.05546875 0.11796875
1 0.57265625 0.83125 0.16796875 0.3375
2 0.575 0.7296875 0.05703125 0.13203125
1 0.5328125 0.3296875 0.11328125 0.43828125
1 0.5078125 0.128125 0.1109375 0.22734375
2 0.53671875 0.15625 0.040625 0.08828125
2 0.50859375 0.05859375 0.03671875 0.0875
1 0.7921875 0.290625 0.109375 0.43828125
2 0.79140625 0.109375 0.034375 0.07734375
1 0.67421875 0.27109375 0.1171875 0.290625
2 0.6703125 0.1796875 0.034375 0.1046875
1 0.65703125 0.54296875 0.14140625 0.5703125
2 0.66171875 0.30078125 0.03984375 0.08203125
1 0.47265625 0.375 0.12734375 0.26640625
2 0.47421875 0.2859375 0.0390625 0.08828125
1 0.478125 0.68203125 0.15703125 0.5640625
2 0.4828125 0.465625 0.0484375 0.1296875
1 0.23515625 0.60390625 0.1328125 0.52421875
2 0.2453125 0.39609375 0.0453125 0.1078125
1 0.871875 0.70078125 0.13359375 0.58828125
1 0.86875 0.3859375 0.13359375 0.3203125