2 0.95 0.8484375 0.0640625 0.13125
1 0.6515625 0.86484375 0.1796875 0.265625
2 0.65234375 0.80703125 0.0609375 0.1359375
1 0.39765625 0.7953125 0.1796875 0.409375
2 0.40546875 0.65234375 0.0578125 0.1203125
1 0.48046875 0.690625 0.1671875 0.5296875
2 0.47734375 0.4796875 0.046875 0.1
1 0.80546875 0.65078125 0.1578125 0.525
2 0.8015625 0.43984375 0.04375 0.096875
2 0.78359375 0.3359375 0.0484375 0.1
1 0.646875 0.4625 0.1265625 0.453125
2 0.65390625 0.28125 0.0421875 0.0890625
1 0.603125 0.14609375 0.1 0.2921875
2 0.646875 0.196875 0.0375 0.0828125
1 0.71484375 0.20625 0.1234375 0.4125
2 0.709375 0.04296875 0.0375 0.0859375
1 0.5421875 0.2265625 0.1234375 0.4296875
2 0.54140625 0.0546875 0.0375 0.0796875
2 0.5953125 0.01796875 0.0375 0.0359375