2 0.0625 0.94296875 0.06875 0.1140625
2 0.36484375 0.88046875 0.0671875 0.14375
1 0.64453125 0.81328125 0.1890625 0.3671875
2 0.62890625 0.70078125 0.0640625 0.1296875
1 0.5296875 0.73671875 0.18125 0.5265625
2 0.515625 0.53125 0.0484375 0.10625
1 0.1921875 0.72265625 0.16875 0.540625
2 0.1796875 0.50546875 0.0484375 0.1015625
2 0.184375 0.403125 0.0515625 0.1109375
1 0.34453125 0.5125 0.1421875 0.4796875
2 0.32265625 0.32578125 0.0453125 0.090625
1 0.26015625 0.24765625 0.1328125 0.4265625
2 0.25 0.08359375 0.0390625 0.0921875
1 0.4375 0.2640625 0.1375 0.44375
2 0.42109375 0.08359375 0.040625 0.0734375
1 0.56796875 0.15859375 0.1234375 0.3171875
2 0.56328125 0.02109375 0.0359375 0.0421875
1 0.371875 0.18671875 0.1078125 0.365625
2 0.36640625 0.0390625 0.0375 0.0671875
2 0.31484375 0.2390625 0.040625 0.090625