2 0.43203125 0.89921875 0.065625 0.134375
1 0.05546875 0.79765625 0.1109375 0.3359375
2 0.0234375 0.690625 0.046875 0.115625
1 0.27109375 0.73203125 0.1890625 0.509375
2 0.275 0.53515625 0.05625 0.1078125
1 0.20703125 0.59921875 0.171875 0.50625
1 0.278125 0.3078125 0.15625 0.409375
2 0.23828125 0.4140625 0.0515625 0.121875
1 0.66875 0.40625 0.1625 0.4921875
2 0.68515625 0.21015625 0.0484375 0.0921875
1 0.43125 0.4546875 0.1765625 0.515625
2 0.4421875 0.246875 0.05 0.090625
2 0.28984375 0.15859375 0.0453125 0.096875
2 0.44453125 0.159375 0.046875 0.09375
2 0.44921875 0.07265625 0.0453125 0.0859375
2 0.29921875 0.04453125 0.04375 0.078125
2 0.27109375 0.00859375 0.0359375 0.0171875