2 0.371875 0.91484375 0.04921875 0.11484375
1 0.69140625 0.8140625 0.1671875 0.371875
2 0.69375 0.68828125 0.0484375 0.11640625
1 0.8109375 0.75859375 0.15 0.4828125
2 0.82265625 0.9359375 0.05 0.128125
2 0.80625 0.56875 0.04296875 0.09765625
1 0.48046875 0.6453125 0.13671875 0.5375
1 0.5265625 0.4671875 0.12265625 0.434375
2 0.4875 0.4234375 0.0453125 0.090625
2 0.52734375 0.290625 0.0390625 0.0828125
1 0.240625 0.32734375 0.10703125 0.41484375
2 0.24140625 0.1703125 0.03359375 0.0953125
1 0.28671875 0.21484375 0.103125 0.37265625
2 0.28515625 0.0671875 0.03359375 0.0765625
1 0.3703125 0.3640625 0.115625 0.40859375
2 0.3765625 0.20078125 0.0359375 0.084375
1 0.6984375 0.3734375 0.11328125 0.4328125
2 0.7 0.1984375 0.03671875 0.08125
1 0.425 0.20859375 0.09765625 0.3875
2 0.42890625 0.053125 0.03046875 0.07421875
2 0.56796875 0.21953125 0.0375 0.10078125
2 0.5609375 0.1140625 0.034375 0.08359375
1 0.61015625 0.1421875 0.090625 0.284375