1 0.234375 0.384375 0.12109375 0.43203125
2 0.23515625 0.22109375 0.0359375 0.1
1 0.83359375 0.79765625 0.1609375 0.4046875
2 0.83046875 0.6515625 0.0453125 0.1046875
1 0.69296875 0.85546875 0.1734375 0.2890625
2 0.69921875 0.778125 0.0515625 0.128125
1 0.70625 0.4359375 0.115625 0.4609375
1 0.7453125 0.146875 0.0921875 0.29296875
2 0.70703125 0.2515625 0.0421875 0.08984375
1 0.4796875 0.72265625 0.14375 0.5546875
2 0.490625 0.50546875 0.0515625 0.1109375
1 0.353125 0.45078125 0.11328125 0.44609375
2 0.35546875 0.278125 0.04140625 0.09609375
1 0.30234375 0.271875 0.10859375 0.38125
2 0.303125 0.1296875 0.0359375 0.0890625
1 0.55 0.565625 0.121875 0.49296875
2 0.578125 0.2859375 0.03984375 0.10859375
1 0.4359375 0.26484375 0.10546875 0.41171875
2 0.4390625 0.09765625 0.034375 0.075
2 0.57109375 0.17265625 0.0359375 0.08671875
1 0.625 0.17265625 0.09296875 0.3453125
2 0.62734375 0.0296875 0.02578125 0.059375
2 0.54453125 0.371875 0.0421875 0.10625
1 0.39296875 0.15 0.07890625 0.29453125