2 0.76953125 0.95625 0.0640625 0.0875
2 0.45234375 0.9265625 0.0734375 0.146875
1 0.6375 0.73515625 0.178125 0.5296875
2 0.64921875 0.540625 0.05625 0.128125
1 0.1078125 0.82734375 0.1890625 0.3125
2 0.11015625 0.74765625 0.0640625 0.146875
2 0.14921875 0.5515625 0.0546875 0.115625
1 0.37109375 0.853125 0.15625 0.2875
1 0.40625 0.65546875 0.1640625 0.4140625
2 0.3890625 0.778125 0.0640625 0.13125
1 0.53203125 0.58203125 0.1609375 0.5359375
1 0.5609375 0.34296875 0.140625 0.2640625
2 0.53828125 0.36796875 0.0484375 0.0953125
2 0.56015625 0.25625 0.0390625 0.0859375
1 0.22421875 0.34453125 0.1171875 0.4390625
2 0.24296875 0.1734375 0.0453125 0.0890625
1 0.28671875 0.42265625 0.1421875 0.4515625
2 0.2921875 0.2421875 0.0421875 0.0828125
1 0.4171875 0.21953125 0.1125 0.378125
2 0.4171875 0.0828125 0.0359375 0.096875
1 0.3609375 0.29453125 0.121875 0.4109375
2 0.35703125 0.134375 0.0359375 0.084375
2 0.41015625 0.51015625 0.0578125 0.11875