2 0.58046875 0.93984375 0.0921875 0.1203125
1 0.425 0.80859375 0.24375 0.3828125
2 0.440625 0.6921875 0.0703125 0.1203125
2 0.08984375 0.42734375 0.0703125 0.1171875
1 0.0953125 0.690625 0.190625 0.46875
2 0.103125 0.52421875 0.0625 0.109375
1 0.2984375 0.5890625 0.2296875 0.525
1 0.31875 0.2328125 0.19375 0.4125
2 0.328125 0.3890625 0.0625 0.10625
2 0.3234375 0.2859375 0.0609375 0.115625
1 0.4734375 0.35078125 0.215625 0.48125
2 0.51015625 0.16328125 0.059375 0.0921875
1 0.6484375 0.3140625 0.2 0.45
2 0.68515625 0.1390625 0.053125 0.0875
2 0.48359375 0.08828125 0.053125 0.0921875
2 0.35 0.0859375 0.05625 0.096875
2 0.5234375 0.02890625 0.046875 0.0578125