2 0.31953125 0.91015625 0.0703125 0.134375
1 0.534375 0.7890625 0.2 0.421875
2 0.553125 0.65 0.0703125 0.1296875
1 0.7234375 0.76328125 0.203125 0.4734375
2 0.72734375 0.934375 0.0734375 0.13125
1 0.9046875 0.7109375 0.190625 0.4375
2 0.92734375 0.55703125 0.0578125 0.1125
1 0.87734375 0.87109375 0.1953125 0.2578125
2 0.903125 0.81875 0.075 0.1390625
2 0.73828125 0.6046875 0.0625 0.1421875
1 0.5140625 0.3703125 0.16875 0.434375
2 0.55 0.4703125 0.0609375 0.1234375
1 0.7765625 0.34609375 0.1640625 0.4421875
2 0.7953125 0.175 0.0453125 0.0859375
1 0.38671875 0.21328125 0.1609375 0.4265625
2 0.41171875 0.04140625 0.0453125 0.0828125
2 0.53359375 0.2046875 0.046875 0.0875
2 0.55234375 0.04765625 0.0453125 0.0921875
2 0.5734375 0.1328125 0.05 0.090625