1 0.21015625 0.45546875 0.128125 0.4640625
2 0.209375 0.28125 0.040625 0.103125
1 0.31640625 0.30390625 0.1171875 0.3015625
2 0.31328125 0.2015625 0.040625 0.09375
1 0.328125 0.5703125 0.1453125 0.4875
2 0.33125 0.378125 0.04375 0.0984375
1 0.490625 0.76015625 0.165625 0.4796875
2 0.4953125 0.5859375 0.053125 0.121875
2 0.7015625 0.86640625 0.05625 0.1359375
1 0.8625 0.83828125 0.175 0.3140625
2 0.85390625 0.7421875 0.0515625 0.115625
1 0.725 0.49296875 0.1328125 0.4796875
1 0.75625 0.1765625 0.103125 0.353125
2 0.721875 0.303125 0.04375 0.0921875
1 0.56484375 0.64453125 0.1421875 0.5015625
1 0.56328125 0.3421875 0.11875 0.303125
2 0.5578125 0.4515625 0.0484375 0.109375
1 0.4421875 0.32265625 0.1140625 0.4234375
2 0.440625 0.1546875 0.0390625 0.0859375
1 0.3984375 0.18125 0.0953125 0.353125
2 0.40234375 0.0453125 0.0328125 0.06875
1 0.60390625 0.5203125 0.1140625 0.4453125
2 0.5953125 0.35625 0.0453125 0.115625
1 0.6375 0.215625 0.10625 0.3703125
2 0.634375 0.06640625 0.0296875 0.071875
2 0.565625 0.2375 0.040625 0.0921875
2 0.753125 0.0265625 0.034375 0.053125
2 0.6375 0.015625 0.028125 0.03125