1 0.80078125 0.81875 0.209375 0.3203125
2 0.77890625 0.73515625 0.0671875 0.1359375
1 0.53359375 0.8671875 0.2046875 0.265625
2 0.52109375 0.81875 0.075 0.1453125
1 0.65546875 0.58984375 0.190625 0.521875
2 0.6328125 0.39296875 0.0578125 0.1109375
1 0.43359375 0.56796875 0.175 0.4078125
1 0.4328125 0.8125 0.18125 0.375
2 0.43046875 0.7015625 0.0703125 0.1375
1 0.275 0.78671875 0.209375 0.4265625
2 0.2546875 0.65546875 0.0703125 0.1453125
2 0.41484375 0.428125 0.0578125 0.1125
1 0.196875 0.728125 0.18125 0.54375
2 0.1828125 0.51484375 0.05625 0.109375
1 0.534375 0.49140625 0.1765625 0.50625
1 0.5421875 0.3015625 0.153125 0.3328125
2 0.50859375 0.28828125 0.05 0.090625
1 0.2890625 0.38515625 0.1484375 0.428125
1 0.20703125 0.33046875 0.153125 0.440625
1 0.371875 0.1859375 0.140625 0.3578125
1 0.3234375 0.26640625 0.1296875 0.39375
2 0.525 0.1796875 0.0421875 0.0796875
2 0.35859375 0.05234375 0.040625 0.0828125
2 0.18828125 0.16171875 0.0484375 0.090625
2 0.26953125 0.21484375 0.0390625 0.08125
2 0.296875 0.1109375 0.0390625 0.0765625