1 0.80546875 0.44375 0.165625 0.471875
2 0.78359375 0.26640625 0.05 0.109375
1 0.65390625 0.31328125 0.146875 0.3171875
2 0.64375 0.2078125 0.05 0.09375
1 0.5359375 0.340625 0.1609375 0.45
2 0.515625 0.16796875 0.046875 0.0875
1 0.5609375 0.18828125 0.121875 0.346875
2 0.54140625 0.05625 0.040625 0.0734375
1 0.7 0.60234375 0.190625 0.5125
2 0.66953125 0.4046875 0.053125 0.10625
1 0.54453125 0.771875 0.2046875 0.45625
2 0.51796875 0.6171875 0.0640625 0.1265625
2 0.3546875 0.93125 0.06875 0.1375
1 0.1765625 0.87578125 0.203125 0.2484375
2 0.1734375 0.81875 0.065625 0.1203125
1 0.45234375 0.7 0.190625 0.5296875
1 0.42421875 0.384375 0.15 0.3421875
2 0.43671875 0.5015625 0.0578125 0.1234375
1 0.2671875 0.54453125 0.175 0.5015625
1 0.203125 0.21796875 0.14375 0.3859375
2 0.246875 0.3515625 0.053125 0.1
1 0.390625 0.59296875 0.1609375 0.5078125
2 0.38046875 0.40390625 0.0578125 0.125
2 0.40703125 0.2703125 0.0484375 0.1
2 0.1875 0.06796875 0.040625 0.0765625
1 0.32421875 0.25390625 0.1375 0.3859375
2 0.3078125 0.103125 0.0359375 0.0734375
2 0.303125 0.04140625 0.0375 0.05