1 0.10546875 0.5703125 0.14296875 0.50078125
2 0.10234375 0.37890625 0.04375 0.11484375
1 0.26875 0.7734375 0.16015625 0.453125
2 0.2796875 0.60859375 0.04921875 0.11875
1 0.3484375 0.50703125 0.12734375 0.4828125
2 0.35234375 0.3203125 0.04453125 0.10546875
1 0.4203125 0.26015625 0.08984375 0.33046875
2 0.43125 0.13671875 0.03359375 0.08203125
1 0.459375 0.42890625 0.11796875 0.47109375
2 0.46328125 0.23671875 0.04140625 0.08984375
1 0.5671875 0.4875 0.12890625 0.3890625
2 0.56953125 0.35 0.04453125 0.1078125
1 0.4953125 0.83046875 0.1734375 0.3390625
2 0.50234375 0.72265625 0.0546875 0.11953125
2 0.8875 0.928125 0.0546875 0.12890625
1 0.59140625 0.7734375 0.13203125 0.453125
2 0.58203125 0.60703125 0.05234375 0.11796875
1 0.68046875 0.728125 0.14609375 0.54375
2 0.67890625 0.52578125 0.04765625 0.1328125
1 0.78203125 0.6234375 0.13828125 0.5359375
2 0.78125 0.4078125 0.04375 0.10078125
1 0.775 0.23671875 0.11328125 0.36796875
2 0.775 0.09296875 0.0375 0.078125
1 0.6765625 0.28984375 0.109375 0.36640625
2 0.6796875 0.146875 0.03515625 0.07734375
2 0.6578125 0.0609375 0.034375 0.0765625
1 0.58671875 0.146875 0.1015625 0.29375