2 0.553125 0.94296875 0.0875 0.1140625
1 0.778125 0.76484375 0.265625 0.4703125
1 0.86875 0.5 0.2015625 0.459375
2 0.8171875 0.609375 0.0734375 0.128125
1 0.71796875 0.65625 0.2578125 0.5953125
2 0.771875 0.4265625 0.065625 0.1078125
1 0.8796875 0.35625 0.2 0.3890625
2 0.90390625 0.33359375 0.059375 0.103125
2 0.9109375 0.21484375 0.05625 0.0859375
1 0.5625 0.6203125 0.24375 0.553125
1 0.678125 0.33203125 0.2109375 0.45625
2 0.61328125 0.4125 0.06875 0.1125
1 0.52109375 0.41875 0.228125 0.48125
1 0.57265625 0.17109375 0.1515625 0.23125
2 0.56171875 0.24765625 0.0640625 0.11875
1 0.33203125 0.32890625 0.203125 0.4625
2 0.37421875 0.15859375 0.05625 0.096875
2 0.7265625 0.07734375 0.0484375 0.084375
2 0.5875 0.10546875 0.0484375 0.0796875
2 0.71875 0.15234375 0.05 0.0796875
1 0.46953125 0.75859375 0.2546875 0.4828125
2 0.51015625 0.59921875 0.0765625 0.13125