1 0.66875 0.33203125 0.2 0.475
2 0.696875 0.1484375 0.05625 0.0953125
1 0.17421875 0.7640625 0.2265625 0.390625
2 0.19375 0.6578125 0.0796875 0.159375
1 0.35 0.85859375 0.2140625 0.26875
2 0.35546875 0.81171875 0.0859375 0.15
1 0.04140625 0.71328125 0.0828125 0.4140625
2 0.015625 0.57578125 0.03125 0.1421875
1 0.45078125 0.76875 0.2453125 0.4625
2 0.4703125 0.6171875 0.08125 0.1421875
1 0.55703125 0.48671875 0.221875 0.5046875
2 0.584375 0.290625 0.0578125 0.0953125
1 0.22890625 0.37421875 0.20625 0.4828125
2 0.25703125 0.190625 0.05625 0.096875
1 0.4578125 0.3734375 0.2 0.484375
2 0.48984375 0.1890625 0.0578125 0.1
1 0.54921875 0.21640625 0.1453125 0.346875
2 0.56171875 0.0984375 0.0546875 0.103125
1 0.31640625 0.1765625 0.1609375 0.353125
2 0.33984375 0.03203125 0.0546875 0.0640625