1 0.865625 0.66328125 0.259375 0.5203125
2 0.91484375 0.47890625 0.0703125 0.121875
1 0.6578125 0.790625 0.265625 0.41875
2 0.6875 0.65859375 0.0765625 0.1265625
1 0.6453125 0.54375 0.240625 0.5
2 0.68671875 0.36171875 0.06875 0.1125
1 0.63515625 0.28671875 0.1671875 0.3421875
2 0.6546875 0.1640625 0.053125 0.0875
1 0.55625 0.440625 0.228125 0.4859375
2 0.59921875 0.253125 0.0625 0.096875
1 0.4375 0.471875 0.21875 0.409375
2 0.46875 0.3375 0.06875 0.115625
1 0.4234375 0.81796875 0.25 0.3640625
2 0.44375 0.715625 0.08125 0.1296875
2 0.03125 0.82109375 0.0625 0.1390625
1 0.3453125 0.74296875 0.2375 0.471875
2 0.39453125 0.584375 0.0796875 0.1265625
1 0.26953125 0.67734375 0.2734375 0.5625
2 0.3203125 0.48203125 0.078125 0.140625
1 0.19609375 0.5515625 0.2640625 0.553125
2 0.24921875 0.3421875 0.0671875 0.1078125
1 0.29609375 0.18515625 0.1984375 0.3703125
2 0.33046875 0.03984375 0.0546875 0.0796875
1 0.3796875 0.253125 0.1953125 0.38125
2 0.4109375 0.1140625 0.053125 0.0828125
2 0.45234375 0.03828125 0.0515625 0.0765625
1 0.50078125 0.1453125 0.1703125 0.290625