1 0.08828125 0.73515625 0.1765625 0.3578125
2 0.0890625 0.646875 0.0875 0.140625
2 0.37265625 0.85390625 0.096875 0.1765625
1 0.8171875 0.78203125 0.28125 0.4359375
2 0.82890625 0.9390625 0.0953125 0.121875
1 0.86953125 0.5765625 0.2234375 0.4171875
2 0.878125 0.64453125 0.0796875 0.125
1 0.63046875 0.8078125 0.2703125 0.384375
1 0.70546875 0.6078125 0.2328125 0.425
2 0.67265625 0.6890625 0.0734375 0.109375
2 0.90546875 0.4296875 0.0625 0.0984375
2 0.73203125 0.47265625 0.071875 0.1328125
1 0.31484375 0.7578125 0.25625 0.4359375
2 0.35390625 0.61796875 0.0765625 0.1234375
1 0.51015625 0.6546875 0.2703125 0.56875
1 0.5875 0.3875 0.2015625 0.3109375
2 0.56875 0.4453125 0.075 0.11875
1 0.5890625 0.25703125 0.1859375 0.3609375
2 0.61484375 0.2984375 0.0671875 0.1078125
1 0.578125 0.1859375 0.1890625 0.36875
2 0.6140625 0.05234375 0.0484375 0.0765625
2 0.62109375 0.12578125 0.053125 0.0796875
1 0.78515625 0.240625 0.1890625 0.3734375
2 0.8203125 0.09296875 0.046875 0.0609375