2 0.64609375 0.9359375 0.0703125 0.128125
1 0.4765625 0.7640625 0.18125 0.471875
2 0.49140625 0.58828125 0.053125 0.1109375
1 0.3328125 0.84453125 0.1890625 0.3015625
2 0.35 0.76640625 0.065625 0.1328125
1 0.8234375 0.74609375 0.175 0.5078125
2 0.83671875 0.5515625 0.046875 0.10625
2 0.83984375 0.4453125 0.0515625 0.1046875
1 0.66015625 0.55546875 0.1421875 0.4875
2 0.68046875 0.36328125 0.0453125 0.0921875
1 0.7390625 0.27265625 0.134375 0.43125
2 0.69765625 0.28046875 0.040625 0.10625
2 0.7515625 0.10625 0.040625 0.0890625
1 0.628125 0.21015625 0.103125 0.384375
2 0.6296875 0.06171875 0.0390625 0.084375
1 0.56015625 0.3015625 0.1390625 0.4546875
2 0.5765625 0.11484375 0.040625 0.0734375
1 0.425 0.18046875 0.125 0.35625
2 0.43046875 0.046875 0.0390625 0.078125