1 0.190625 0.47578125 0.11796875 0.4625
2 0.19375 0.29765625 0.0390625 0.10546875
1 0.32734375 0.33046875 0.115625 0.30703125
2 0.3265625 0.22421875 0.040625 0.090625
1 0.44765625 0.3453125 0.11484375 0.440625
2 0.45 0.17109375 0.03828125 0.084375
1 0.40703125 0.19609375 0.08671875 0.33984375
2 0.4125 0.06328125 0.03359375 0.0703125
1 0.31171875 0.62265625 0.1390625 0.5
2 0.32109375 0.42265625 0.04296875 0.1015625
1 0.48359375 0.77734375 0.159375 0.4453125
2 0.49453125 0.61875 0.05078125 0.12265625
2 0.6890625 0.915625 0.0546875 0.1359375
1 0.8625 0.8625 0.175 0.275
2 0.8578125 0.7828125 0.053125 0.115625
1 0.56796875 0.69375 0.1375 0.51875
1 0.56328125 0.37734375 0.115625 0.33203125
2 0.56328125 0.49453125 0.04609375 0.11953125
1 0.7359375 0.5203125 0.12421875 0.490625
1 0.765625 0.18828125 0.10546875 0.3765625
2 0.7359375 0.32578125 0.04375 0.0953125
1 0.61875 0.58125 0.109375 0.49921875
2 0.60859375 0.3921875 0.0453125 0.1203125
2 0.56875 0.26171875 0.0390625 0.096875
2 0.765625 0.0375 0.03359375 0.07421875
1 0.64921875 0.23671875 0.09921875 0.378125
2 0.65 0.08515625 0.028125 0.07109375
2 0.64765625 0.0234375 0.0328125 0.04609375