1 0.1765625 0.42421875 0.23125 0.4921875
2 0.2265625 0.2484375 0.0640625 0.1125
1 0.2609375 0.634375 0.2703125 0.54375
1 0.36953125 0.35 0.20625 0.3828125
2 0.31953125 0.4328125 0.0671875 0.1125
2 0.4 0.2234375 0.0640625 0.1078125
2 0.56953125 0.9578125 0.0796875 0.084375
1 0.7703125 0.915625 0.228125 0.16875
2 0.7765625 0.91171875 0.0796875 0.1328125
1 0.41796875 0.78515625 0.2578125 0.4296875
2 0.46171875 0.6453125 0.0796875 0.11875
1 0.51640625 0.73828125 0.2609375 0.5234375
1 0.584375 0.434375 0.2046875 0.3734375
2 0.56015625 0.55390625 0.0765625 0.13125
1 0.73046875 0.6109375 0.2453125 0.521875
1 0.834375 0.27578125 0.1921875 0.390625
2 0.7796875 0.41484375 0.065625 0.10625
2 0.6171875 0.3109375 0.0640625 0.103125
1 0.4859375 0.3625 0.21875 0.4625
2 0.5328125 0.18984375 0.05625 0.09375
2 0.640625 0.46328125 0.0734375 0.1265625
1 0.48359375 0.20546875 0.16875 0.359375
2 0.52109375 0.0796875 0.0515625 0.0796875
1 0.71171875 0.30625 0.1953125 0.403125
2 0.75078125 0.15390625 0.046875 0.0765625
2 0.8703125 0.134375 0.05625 0.0859375
2 0.76171875 0.0828125 0.046875 0.0703125