1 0.27421875 0.81171875 0.2046875 0.3484375
2 0.28203125 0.7078125 0.0640625 0.1265625
1 0.15078125 0.7421875 0.2015625 0.459375
2 0.171875 0.5734375 0.053125 0.10625
1 0.49921875 0.6984375 0.2046875 0.590625
1 0.4625 0.50390625 0.1671875 0.46875
2 0.51796875 0.46171875 0.05625 0.1046875
1 0.3109375 0.378125 0.1625 0.459375
2 0.32890625 0.20078125 0.046875 0.0890625
2 0.48359375 0.321875 0.0515625 0.0921875
1 0.64921875 0.41640625 0.1625 0.4453125
2 0.6609375 0.246875 0.046875 0.0921875
1 0.77734375 0.3828125 0.1546875 0.43125
2 0.7921875 0.22265625 0.04375 0.0984375
1 0.73203125 0.2671875 0.1453125 0.390625
2 0.74921875 0.1203125 0.0453125 0.0890625
2 0.45546875 0.240625 0.0484375 0.109375
2 0.47265625 0.13203125 0.04375 0.0859375
1 0.59765625 0.24140625 0.140625 0.4
2 0.6109375 0.0890625 0.04375 0.090625
1 0.41953125 0.16328125 0.1234375 0.3265625
2 0.5859375 0.9609375 0.059375 0.078125