1 0.1234375 0.83671875 0.17421875 0.32578125
2 0.13671875 0.7421875 0.05703125 0.13125
2 0.46171875 0.87421875 0.0578125 0.1671875
1 0.88828125 0.74453125 0.1625 0.5109375
2 0.9296875 0.8640625 0.06171875 0.1453125
1 0.87734375 0.48515625 0.13125 0.39765625
2 0.9015625 0.5484375 0.05234375 0.11640625
1 0.7078125 0.79453125 0.17578125 0.41015625
1 0.72578125 0.5546875 0.1390625 0.40390625
2 0.71328125 0.64140625 0.0515625 0.09921875
2 0.8765625 0.33359375 0.04140625 0.09140625
2 0.71875 0.4171875 0.04296875 0.12578125
1 0.3828125 0.7953125 0.16171875 0.40859375
2 0.38671875 0.65 0.05 0.11484375
1 0.54765625 0.64765625 0.14140625 0.55078125
1 0.5578125 0.36953125 0.1359375 0.2859375
2 0.55390625 0.43046875 0.04921875 0.11015625
1 0.52734375 0.24296875 0.10625 0.3453125
2 0.5625 0.2765625 0.04453125 0.10078125
1 0.5 0.1765625 0.10625 0.353125
2 0.50234375 0.03828125 0.0328125 0.0703125
2 0.52734375 0.1078125 0.03671875 0.0734375
1 0.7140625 0.1796875 0.10625 0.3578125
2 0.7125 0.02734375 0.034375 0.0546875