1 0.88515625 0.6109375 0.1953125 0.5125
2 0.9078125 0.42109375 0.05625 0.11875
1 0.7015625 0.78125 0.20625 0.4375
2 0.7078125 0.63125 0.0609375 0.1234375
1 0.65 0.52265625 0.1765625 0.49375
2 0.665625 0.33671875 0.0546875 0.109375
1 0.6046875 0.26953125 0.1234375 0.3375
2 0.60625 0.14609375 0.0421875 0.084375
1 0.54765625 0.43359375 0.1671875 0.48125
2 0.5640625 0.2421875 0.05 0.09375
1 0.434375 0.48046875 0.16875 0.4
2 0.446875 0.34375 0.05625 0.1125
1 0.46953125 0.82578125 0.2078125 0.3484375
2 0.47421875 0.72109375 0.0671875 0.125
2 0.06953125 0.88515625 0.0671875 0.134375
1 0.38046875 0.7625 0.178125 0.4640625
2 0.40703125 0.59765625 0.0640625 0.1234375
1 0.296875 0.7078125 0.2015625 0.55625
2 0.31953125 0.50703125 0.0609375 0.1375
1 0.20625 0.59296875 0.19375 0.546875
2 0.2296875 0.37890625 0.0546875 0.1046875
1 0.25390625 0.209375 0.1515625 0.378125
2 0.26875 0.06640625 0.0453125 0.08125
1 0.34609375 0.27265625 0.146875 0.3765625
2 0.35859375 0.1296875 0.04375 0.08125
2 0.3890625 0.046875 0.0421875 0.0796875
1 0.45 0.1453125 0.13125 0.290625