1 0.115625 0.878125 0.1875 0.24375
2 0.1015625 0.83828125 0.0734375 0.1515625
1 0.45546875 0.796875 0.2015625 0.40625
2 0.4703125 0.9171875 0.0734375 0.1515625
1 0.3 0.765625 0.234375 0.46875
2 0.26328125 0.60078125 0.0640625 0.11875
2 0.4390625 0.6640625 0.065625 0.128125
1 0.753125 0.5296875 0.1765625 0.525
2 0.72578125 0.3328125 0.053125 0.10625
1 0.5265625 0.6203125 0.196875 0.55
1 0.49921875 0.33125 0.1453125 0.2765625
2 0.50390625 0.41640625 0.0578125 0.1296875
1 0.14296875 0.6640625 0.175 0.559375
1 0.12265625 0.38515625 0.1578125 0.3171875
2 0.12265625 0.44765625 0.05625 0.1140625
2 0.10546875 0.28125 0.05 0.1
1 0.20546875 0.28125 0.1484375 0.4390625
2 0.19140625 0.11015625 0.0421875 0.084375
1 0.30859375 0.25078125 0.1359375 0.278125
2 0.30390625 0.16875 0.04375 0.1046875
1 0.346875 0.50390625 0.184375 0.5578125
2 0.32109375 0.27734375 0.046875 0.0890625
1 0.48125 0.14375 0.1125 0.2875
2 0.49140625 0.2421875 0.0453125 0.0828125
1 0.446875 0.290625 0.134375 0.41875
2 0.43359375 0.12890625 0.046875 0.0875
2 0.4640625 0.03984375 0.0421875 0.078125