2 0.63828125 0.83046875 0.0625 0.1203125
1 0.52421875 0.73359375 0.1546875 0.5328125
1 0.50625 0.36171875 0.13203125 0.42578125
2 0.5265625 0.53125 0.05390625 0.11875
1 0.81953125 0.71484375 0.1515625 0.5703125
1 0.85625 0.38125 0.11328125 0.4171875
2 0.81640625 0.49375 0.04921875 0.12265625
1 0.7484375 0.521875 0.13515625 0.49609375
2 0.75234375 0.32578125 0.0453125 0.0984375
1 0.59140625 0.5421875 0.13046875 0.5140625
1 0.63359375 0.25625 0.11953125 0.42265625
2 0.596875 0.3359375 0.0453125 0.1
1 0.50234375 0.13359375 0.103125 0.22109375
2 0.51171875 0.2046875 0.0390625 0.1078125
1 0.30546875 0.328125 0.1140625 0.43125
2 0.3140625 0.15703125 0.0375 0.0875
1 0.8296875 0.23203125 0.11875 0.325
2 0.85625 0.2203125 0.03984375 0.09453125
2 0.8328125 0.109375 0.03828125 0.0765625
2 0.63671875 0.0828125 0.03515625 0.0671875
2 0.50234375 0.06015625 0.03359375 0.06875