1 0.39375 0.84296875 0.24375 0.3140625
2 0.3796875 0.775 0.0875 0.1484375
1 0.4875 0.71796875 0.28125 0.5640625
1 0.44296875 0.44453125 0.19375 0.28125
2 0.4421875 0.50546875 0.0734375 0.115625
1 0.6765625 0.759375 0.25 0.4359375
2 0.70078125 0.8859375 0.096875 0.1625
1 0.91484375 0.715625 0.1703125 0.390625
2 0.9234375 0.60078125 0.0828125 0.134375
2 0.64375 0.62109375 0.0828125 0.1359375
2 0.42890625 0.36328125 0.059375 0.096875
1 0.7515625 0.475 0.2390625 0.4953125
2 0.70859375 0.2875 0.0609375 0.0984375
2 0.7015625 0.20078125 0.0640625 0.103125
1 0.61015625 0.34296875 0.1984375 0.4359375
2 0.5796875 0.17734375 0.059375 0.0921875
1 0.54921875 0.2484375 0.1578125 0.35
2 0.53359375 0.128125 0.05625 0.1046875
1 0.625 0.13671875 0.175 0.2734375
1 0.47109375 0.1703125 0.1828125 0.340625