1 0.77109375 0.3984375 0.14375 0.4375
2 0.77890625 0.23515625 0.040625 0.1015625
1 0.1515625 0.7796875 0.18125 0.4125
2 0.16171875 0.634375 0.05 0.10625
1 0.2890625 0.84453125 0.1890625 0.2984375
2 0.28671875 0.7671875 0.0578125 0.13125
1 0.29765625 0.425 0.1390625 0.465625
1 0.27265625 0.14140625 0.1078125 0.2828125
2 0.30625 0.24140625 0.046875 0.0921875
1 0.5078125 0.72109375 0.171875 0.5578125
2 0.509375 0.50625 0.0578125 0.1140625
1 0.64921875 0.45859375 0.1359375 0.4515625
2 0.65625 0.2859375 0.046875 0.0984375
1 0.709375 0.2828125 0.128125 0.3859375
2 0.715625 0.140625 0.040625 0.090625
1 0.446875 0.56328125 0.146875 0.4984375
2 0.4328125 0.28203125 0.0453125 0.1109375
1 0.5765625 0.26875 0.1265625 0.4171875
2 0.58203125 0.1015625 0.0375 0.0765625
2 0.44609375 0.16953125 0.040625 0.0890625
1 0.39140625 0.1703125 0.1109375 0.340625
2 0.396875 0.0265625 0.028125 0.053125
2 0.4625 0.36953125 0.0484375 0.1078125
1 0.625 0.15625 0.09375 0.2984375