1 0.0921875 0.85234375 0.1625 0.2953125
1 0.11875 0.65859375 0.15625 0.45625
2 0.0875 0.77578125 0.05625 0.1375
1 0.1375 0.43203125 0.128125 0.403125
2 0.10625 0.4890625 0.05 0.1125
2 0.13671875 0.27890625 0.040625 0.09375
1 0.3078125 0.76171875 0.16875 0.4765625
1 0.28203125 0.503125 0.134375 0.40625
2 0.3015625 0.5734375 0.05 0.0984375
2 0.29140625 0.3625 0.0421875 0.121875
1 0.45546875 0.5796875 0.134375 0.528125
1 0.44609375 0.31171875 0.1328125 0.2703125
1 0.4734375 0.22421875 0.10625 0.375
2 0.45 0.36875 0.0484375 0.103125
1 0.5421875 0.85625 0.184375 0.2875
2 0.53828125 0.79375 0.05625 0.1578125
1 0.60546875 0.75703125 0.153125 0.484375
2 0.60078125 0.57421875 0.05 0.1125
1 0.8578125 0.80078125 0.165625 0.3984375
2 0.84609375 0.665625 0.05625 0.125
2 0.44296875 0.2265625 0.04375 0.0984375
2 0.471875 0.075 0.0328125 0.0734375
1 0.5234375 0.1703125 0.0765625 0.340625
2 0.50703125 0.021875 0.03125 0.04375
1 0.3015625 0.153125 0.103125 0.30625