2 0.5921875 0.940625 0.078125 0.11875
1 0.80390625 0.75390625 0.2234375 0.4921875
1 0.8671875 0.46796875 0.165625 0.45625
2 0.825 0.58203125 0.0640625 0.125
1 0.73125 0.63671875 0.209375 0.5921875
2 0.76484375 0.403125 0.0578125 0.1046875
1 0.865625 0.3234375 0.1703125 0.384375
2 0.8875 0.29921875 0.0515625 0.1015625
2 0.88515625 0.18046875 0.05 0.084375
1 0.57265625 0.6140625 0.2 0.5484375
1 0.6625 0.3171875 0.175 0.4515625
2 0.6046875 0.40234375 0.0609375 0.109375
1 0.5140625 0.4171875 0.190625 0.4765625
1 0.54375 0.16640625 0.1359375 0.225
2 0.5390625 0.24375 0.0546875 0.1171875
1 0.31796875 0.34453125 0.165625 0.459375
2 0.3453125 0.17109375 0.0484375 0.0953125
2 0.6890625 0.059375 0.0421875 0.0828125
2 0.553125 0.09921875 0.0421875 0.078125
2 0.6875 0.13515625 0.04375 0.078125
1 0.49296875 0.7609375 0.2171875 0.478125
2 0.51875 0.5984375 0.0671875 0.128125