1 0.06796875 0.59921875 0.134375 0.509375
2 0.053125 0.40859375 0.046875 0.1203125
1 0.25078125 0.80703125 0.16875 0.384375
2 0.26328125 0.68125 0.053125 0.13125
1 0.3546875 0.553125 0.134375 0.5
2 0.35625 0.3578125 0.0453125 0.10625
2 0.89921875 0.95546875 0.0546875 0.0890625
1 0.4984375 0.846875 0.175 0.30625
2 0.50625 0.75390625 0.059375 0.1140625
1 0.71640625 0.753125 0.15625 0.49375
2 0.71484375 0.5734375 0.0515625 0.134375
1 0.8046875 0.665625 0.128125 0.55625
1 0.7734375 0.2734375 0.1109375 0.41875
2 0.79921875 0.4421875 0.046875 0.1046875
1 0.56953125 0.5203125 0.13125 0.4
1 0.59453125 0.79375 0.140625 0.4125
2 0.5859375 0.64609375 0.0546875 0.11875
2 0.57265625 0.38046875 0.046875 0.1109375
1 0.46328125 0.4546875 0.1203125 0.484375
1 0.4359375 0.26640625 0.109375 0.3015625
2 0.465625 0.26015625 0.0390625 0.0875
1 0.68984375 0.321875 0.10625 0.39375
2 0.68828125 0.165625 0.0328125 0.08125
2 0.7765625 0.11015625 0.0390625 0.0875
2 0.4359375 0.15390625 0.034375 0.078125
1 0.64921875 0.20625 0.08125 0.346875
2 0.659375 0.07109375 0.034375 0.075
1 0.58984375 0.16015625 0.10625 0.3203125
2 0.5875 0.02578125 0.03125 0.0515625