1 0.39140625 0.8640625 0.2296875 0.271875
2 0.39765625 0.8078125 0.078125 0.13125
1 0.065625 0.7109375 0.13125 0.39375
2 0.03828125 0.5859375 0.0703125 0.1171875
1 0.25625 0.678125 0.2578125 0.5578125
1 0.23984375 0.5 0.240625 0.4640625
2 0.29375 0.46640625 0.0671875 0.1125
1 0.31875 0.2375 0.1921875 0.3609375
2 0.28046875 0.3421875 0.0640625 0.1234375
1 0.45078125 0.41328125 0.2359375 0.5109375
2 0.49140625 0.20859375 0.05625 0.0828125
1 0.6671875 0.38828125 0.21875 0.4796875
2 0.7078125 0.2046875 0.0578125 0.096875
2 0.34453125 0.11640625 0.059375 0.103125
2 0.4921875 0.1296875 0.05625 0.09375
2 0.51796875 0.0546875 0.053125 0.09375
2 0.375 0.02265625 0.053125 0.0453125