2 0.66953125 0.9328125 0.06328125 0.134375
1 0.490625 0.76640625 0.15703125 0.4671875
2 0.49609375 0.58828125 0.046875 0.10859375
1 0.35078125 0.853125 0.1734375 0.29296875
2 0.3640625 0.77421875 0.059375 0.13046875
1 0.8375 0.7390625 0.14765625 0.521875
2 0.8390625 0.53359375 0.04140625 0.10390625
2 0.83671875 0.42734375 0.046875 0.10234375
1 0.6625 0.546875 0.1171875 0.48203125
2 0.6734375 0.35390625 0.040625 0.08984375
1 0.7265625 0.26015625 0.1125 0.42578125
2 0.6859375 0.2703125 0.0359375 0.1046875
2 0.73046875 0.09375 0.03671875 0.0875
1 0.6125 0.20390625 0.08359375 0.38125
2 0.60625 0.05546875 0.03515625 0.0828125
1 0.55 0.2984375 0.115625 0.44921875
2 0.55625 0.11171875 0.03671875 0.071875
1 0.40859375 0.18515625 0.10625 0.35078125
2 0.40703125 0.05078125 0.034375 0.07578125