0 0.54765625 0.65390625 0.315625 0.49140625
1 0.50078125 0.66953125 0.3015625 0.440625
1 0.03125 0.72265625 0.06015625 0.26875
1 0.1015625 0.67734375 0.096875 0.4234375
3 0.88046875 0.334375 0.065625 0.1140625
3 0.6734375 0.58046875 0.028125 0.04921875
3 0.50546875 0.44296875 0.040625 0.07109375
3 0.4578125 0.48671875 0.0328125 0.07578125
3 0.4203125 0.49609375 0.0421875 0.07109375
2 0.0109375 0.61328125 0.021875 0.04609375
3 0.19375 0.4203125 0.03515625 0.07265625
3 0.26640625 0.39375 0.04296875 0.07578125
3 0.1359375 0.4953125 0.028125 0.0578125