0 0.46328125 0.65703125 0.3484375 0.5125
1 0.5109375 0.66953125 0.33125 0.4609375
1 0.971875 0.6890625 0.05625 0.271875
1 0.91015625 0.64921875 0.1265625 0.4296875
3 0.10859375 0.3609375 0.0734375 0.11875
3 0.3328125 0.5921875 0.03125 0.0515625
3 0.490625 0.44375 0.0453125 0.0734375
3 0.54140625 0.48359375 0.0375 0.078125
3 0.57890625 0.490625 0.046875 0.0734375
2 0.99140625 0.578125 0.0171875 0.046875
3 0.8 0.39921875 0.040625 0.075
3 0.72578125 0.37734375 0.0484375 0.078125
3 0.8625 0.4703125 0.0328125 0.059375