1 0.115625 0.6734375 0.23125 0.434375
1 0.3390625 0.69453125 0.2265625 0.3328125
1 0.5640625 0.70234375 0.23125 0.3171875
1 0.690625 0.7203125 0.2 0.3203125
1 0.88984375 0.746875 0.2140625 0.340625
3 0.03125 0.496875 0.05 0.075
2 0.73671875 0.5921875 0.0359375 0.053125
2 0.9390625 0.61328125 0.0390625 0.0609375
2 0.6234375 0.58046875 0.0328125 0.0578125
2 0.37109375 0.5625 0.0359375 0.0625
2 0.23828125 0.57109375 0.03125 0.0515625
2 0.3140625 0.5921875 0.0296875 0.0484375
2 0.34375 0.5875 0.0265625 0.04375
2 0.51328125 0.61015625 0.028125 0.046875
2 0.575 0.5921875 0.034375 0.05625
2 0.9828125 0.61640625 0.028125 0.0671875