1 0.8796875 0.61015625 0.240625 0.4640625
1 0.6890625 0.6671875 0.2734375 0.3609375
1 0.46875 0.71015625 0.2765625 0.346875
1 0.34609375 0.746875 0.246875 0.34375
1 0.153125 0.8046875 0.2625 0.3671875
3 0.9625 0.4234375 0.0609375 0.0796875
2 0.28046875 0.628125 0.0421875 0.0578125
2 0.08359375 0.68046875 0.0484375 0.065625
2 0.390625 0.5984375 0.040625 0.0609375
2 0.63671875 0.5421875 0.0453125 0.0671875
2 0.7703125 0.5296875 0.0390625 0.05625
2 0.6984375 0.56171875 0.0359375 0.0515625
2 0.66796875 0.56171875 0.0328125 0.046875
2 0.50390625 0.6109375 0.034375 0.05
2 0.440625 0.603125 0.0421875 0.0609375
2 0.04140625 0.690625 0.0390625 0.0703125