1 0.115625 0.6875 0.23125 0.42734375
1 0.34609375 0.7 0.215625 0.325
1 0.57109375 0.7 0.22109375 0.31015625
1 0.6984375 0.71328125 0.18984375 0.31328125
1 0.8984375 0.7328125 0.203125 0.334375
3 0.03125 0.51328125 0.04765625 0.07265625
2 0.73984375 0.58359375 0.03359375 0.05234375
2 0.94296875 0.59765625 0.0375 0.06015625
2 0.62578125 0.57578125 0.03046875 0.05625
2 0.3734375 0.5671875 0.03359375 0.06171875
2 0.240625 0.58046875 0.0296875 0.05078125
2 0.3171875 0.5984375 0.02734375 0.04765625
2 0.346875 0.59296875 0.02578125 0.04296875
2 0.5171875 0.609375 0.02578125 0.04609375
2 0.578125 0.58984375 0.0328125 0.05546875
2 0.98671875 0.59921875 0.0265625 0.06640625