1 0.95546875 0.6625 0.0890625 0.303125
1 0.90234375 0.66796875 0.1953125 0.2859375
1 0.70234375 0.6828125 0.23125 0.33125
1 0.5578125 0.70859375 0.1515625 0.284375
1 0.48046875 0.7125 0.2140625 0.3046875
2 0.65625 0.55859375 0.0375 0.0578125
2 0.91171875 0.55859375 0.034375 0.0578125
2 0.86640625 0.5734375 0.028125 0.0484375
3 0.73828125 0.5921875 0.0234375 0.0375
2 0.44609375 0.59453125 0.03125 0.0484375
2 0.5 0.5984375 0.028125 0.04375
3 0.36328125 0.51328125 0.0390625 0.06875
3 0.89140625 0.59765625 0.021875 0.0375
2 0.99296875 0.53125 0.0140625 0.040625