0 0.56640625 0.646875 0.3734375 0.5265625
1 0.52109375 0.66796875 0.353125 0.4734375
1 0.06171875 0.778125 0.0921875 0.2734375
1 0.12578125 0.72421875 0.1484375 0.4328125
3 0.8578125 0.2890625 0.0796875 0.121875
3 0.68203125 0.55859375 0.034375 0.0515625
3 0.4984375 0.44296875 0.0484375 0.075
3 0.45625 0.4921875 0.0421875 0.0796875
3 0.4203125 0.50546875 0.05 0.075
2 0.028125 0.671875 0.0265625 0.0484375
3 0.1859375 0.45859375 0.04375 0.0765625
3 0.25546875 0.42265625 0.0515625 0.0796875
3 0.13828125 0.53984375 0.034375 0.0609375