1 0.95546875 0.63828125 0.0890625 0.3046875
1 0.903125 0.646875 0.19375 0.29375
1 0.71171875 0.671875 0.2453125 0.3390625
1 0.56875 0.7046875 0.165625 0.2890625
1 0.4921875 0.71328125 0.2265625 0.3125
2 0.659375 0.55 0.0390625 0.059375
2 0.9140625 0.5375 0.0359375 0.0578125
2 0.8703125 0.5546875 0.03125 0.05
3 0.74296875 0.5796875 0.025 0.0375
2 0.4515625 0.596875 0.0328125 0.0484375
2 0.50546875 0.59765625 0.03125 0.0453125
3 0.3640625 0.52109375 0.0421875 0.0703125
3 0.89609375 0.57734375 0.0234375 0.0390625
2 0.99296875 0.5046875 0.0140625 0.040625