1 0.21640625 0.384375 0.0921875 0.196875
1 0.3625 0.4328125 0.0921875 0.225
1 0.4 0.225 0.0765625 0.1796875
1 0.56171875 0.26484375 0.0828125 0.2078125
1 0.66640625 0.175 0.06875 0.1828125
1 0.7171875 0.04609375 0.06875 0.0921875
1 0.5953125 0.17734375 0.075 0.1859375
1 0.41171875 0.09375 0.0609375 0.15
1 0.490625 0.21640625 0.078125 0.1859375
1 0.69296875 0.10546875 0.0703125 0.1671875
1 0.60390625 0.07890625 0.0640625 0.1578125
1 0.55625 0.12421875 0.065625 0.1609375
1 0.475 0.1140625 0.059375 0.125
1 0.51953125 0.04140625 0.0484375 0.0828125
2 0.346875 0.34375 0.025 0.040625
2 0.18984375 0.3109375 0.0234375 0.040625
2 0.38046875 0.171875 0.01875 0.0296875
2 0.384375 0.15546875 0.0203125 0.0328125
2 0.3953125 0.03515625 0.0171875 0.028125
2 0.46328125 0.06640625 0.015625 0.025
2 0.471875 0.14140625 0.0171875 0.0296875
2 0.54375 0.18359375 0.0234375 0.040625
2 0.5828125 0.10234375 0.01875 0.0296875
2 0.54140625 0.0609375 0.0171875 0.0296875
2 0.65546875 0.1 0.01875 0.0296875
2 0.68046875 0.03984375 0.01875 0.028125
2 0.5921875 0.01640625 0.01875 0.03125