1 0.1 0.9203125 0.125 0.159375
1 0.1328125 0.65390625 0.10234375 0.25078125
1 0.3328125 0.53984375 0.0734375 0.2453125
1 0.54609375 0.6265625 0.07109375 0.2875
1 0.359375 0.28828125 0.05546875 0.190625
1 0.44296875 0.15234375 0.04140625 0.16640625
1 0.44765625 0.51328125 0.065625 0.24453125
1 0.4859375 0.34453125 0.05625 0.21171875
1 0.715625 0.52421875 0.05390625 0.234375
1 0.8703125 0.3375 0.071875 0.20390625
1 0.7734375 0.39921875 0.06015625 0.22109375
1 0.62578125 0.45625 0.0625 0.23828125
1 0.58828125 0.34296875 0.05390625 0.2046875
1 0.5453125 0.075 0.03359375 0.14140625
1 0.58359375 0.16015625 0.04375 0.16015625
1 0.63203125 0.03203125 0.0296875 0.0640625
1 0.82578125 0.06171875 0.0390625 0.1234375
1 0.66171875 0.29140625 0.04375 0.196875
1 0.678125 0.17265625 0.040625 0.17265625
1 0.69765625 0.09921875 0.03984375 0.1546875
2 0.0671875 0.87421875 0.04375 0.0640625
2 0.1046875 0.55390625 0.03203125 0.05
2 0.3140625 0.475 0.02421875 0.04296875
2 0.32734375 0.440625 0.021875 0.04375
2 0.3515625 0.21015625 0.01640625 0.03359375
2 0.4421875 0.4109375 0.0203125 0.040625
2 0.53671875 0.51484375 0.0234375 0.0609375
2 0.4796875 0.2546875 0.015625 0.03359375
2 0.43671875 0.084375 0.01484375 0.02890625
2 0.71484375 0.42890625 0.021875 0.04296875
2 0.6265625 0.35625 0.0203125 0.03828125
2 0.58359375 0.259375 0.01796875 0.0359375
2 0.77265625 0.3078125 0.01953125 0.0359375
2 0.8765625 0.25234375 0.01953125 0.034375
2 0.6640625 0.20859375 0.0171875 0.03125
2 0.678125 0.09921875 0.0140625 0.0265625
2 0.6984375 0.03359375 0.01328125 0.021875
3 0.70234375 0.046875 0.01171875 0.0234375