1 0.92890625 0.846875 0.1328125 0.3
1 0.4765625 0.80546875 0.0859375 0.33125
1 0.7265625 0.740625 0.0984375 0.28125
1 0.58515625 0.66796875 0.084375 0.2765625
1 0.69765625 0.38515625 0.0734375 0.2109375
1 0.59765625 0.23359375 0.0546875 0.184375
1 0.09765625 0.48203125 0.0890625 0.2375
1 0.2171875 0.521875 0.071875 0.246875
1 0.28828125 0.68515625 0.071875 0.290625
1 0.384375 0.57578125 0.0734375 0.26875
1 0.43046875 0.44453125 0.0625 0.2265625
1 0.54296875 0.44765625 0.0671875 0.23125
1 0.4859375 0.146875 0.0421875 0.153125
1 0.43046875 0.2140625 0.05 0.175
1 0.165625 0.10625 0.0453125 0.1625
1 0.34140625 0.378125 0.053125 0.2203125
1 0.39453125 0.059375 0.0359375 0.11875
1 0.3234375 0.234375 0.0484375 0.1859375
1 0.30390625 0.153125 0.0453125 0.1703125
1 0.26796875 0.0375 0.0296875 0.075
2 0.9671875 0.7265625 0.034375 0.05625
2 0.75390625 0.68515625 0.03125 0.05625
2 0.734375 0.6265625 0.0265625 0.053125
2 0.70859375 0.2984375 0.01875 0.0359375
2 0.48984375 0.6734375 0.028125 0.06875
2 0.60078125 0.55390625 0.025 0.0453125
2 0.5515625 0.3515625 0.01875 0.0390625
2 0.60625 0.1578125 0.015625 0.03125
2 0.4375 0.35234375 0.0203125 0.0390625
2 0.384375 0.465625 0.0234375 0.046875
2 0.28828125 0.565625 0.0234375 0.05
2 0.21953125 0.41953125 0.0234375 0.0421875
2 0.09140625 0.38359375 0.021875 0.040625
2 0.34296875 0.2859375 0.01875 0.0375
2 0.4390625 0.14765625 0.015625 0.03125
2 0.4921875 0.08515625 0.0125 0.0265625
2 0.43046875 0.1421875 0.0125 0.028125
2 0.3234375 0.15625 0.015625 0.028125
2 0.30390625 0.0828125 0.0140625 0.028125
2 0.1609375 0.0421875 0.015625 0.0296875
3 0.159375 0.05546875 0.0140625 0.0265625
3 0.29921875 0.0953125 0.0125 0.0234375