1 0.2015625 0.72421875 0.1171875 0.3046875
1 0.18515625 0.4890625 0.096875 0.2328125
1 0.56953125 0.490625 0.0796875 0.25625
1 0.3875 0.39375 0.08125 0.2203125
1 0.42890625 0.20390625 0.059375 0.1765625
1 0.52578125 0.2515625 0.0625 0.1734375
1 0.8625 0.2453125 0.0703125 0.184375
1 0.7828125 0.3140625 0.0671875 0.196875
1 0.72421875 0.41875 0.065625 0.228125
1 0.49296875 0.3921875 0.0734375 0.2171875
1 0.64375 0.36015625 0.0640625 0.21875
1 0.68515625 0.2296875 0.0515625 0.1828125
1 0.61796875 0.26953125 0.0609375 0.184375
1 0.50078125 0.08125 0.05 0.153125
1 0.61796875 0.11796875 0.05 0.1546875
1 0.7015625 0.12734375 0.046875 0.1609375
1 0.72265625 0.0734375 0.0453125 0.11875
2 0.1703125 0.39609375 0.0265625 0.046875
2 0.196875 0.60078125 0.0296875 0.0546875
2 0.37734375 0.33203125 0.021875 0.0390625
2 0.38984375 0.30546875 0.021875 0.040625
2 0.4265625 0.13125 0.0171875 0.03125
2 0.56796875 0.390625 0.0265625 0.053125
2 0.4921875 0.3015625 0.0203125 0.0328125
2 0.52578125 0.18125 0.015625 0.03125
2 0.50078125 0.02109375 0.015625 0.0296875
2 0.87265625 0.16953125 0.0171875 0.0296875
2 0.78671875 0.2328125 0.0203125 0.034375
2 0.73046875 0.3234375 0.021875 0.0359375
2 0.65078125 0.27109375 0.0203125 0.0375
2 0.6203125 0.19296875 0.0171875 0.028125
2 0.6921875 0.15390625 0.0171875 0.0296875
2 0.6171875 0.05859375 0.015625 0.028125
2 0.62421875 0.05546875 0.0109375 0.0234375
2 0.7078125 0.06015625 0.015625 0.025