1 0.46640625 0.859375 0.0984375 0.28125
1 0.37578125 0.48984375 0.08203125 0.2375
1 0.9625 0.22890625 0.06484375 0.190625
1 0.859375 0.73984375 0.08515625 0.30390625
1 0.73984375 0.7609375 0.096875 0.30546875
2 0.45078125 0.78515625 0.0265625 0.059375
2 0.46796875 0.746875 0.02890625 0.05390625
2 0.3703125 0.39140625 0.02265625 0.03984375
3 0.7625 0.6765625 0.02578125 0.04375
2 0.75390625 0.63125 0.02578125 0.0453125
2 0.865625 0.615625 0.03125 0.05546875
2 0.975 0.15078125 0.01640625 0.03359375