1 0.0515625 0.83515625 0.103125 0.1796875
1 0.11015625 0.58125 0.1484375 0.265625
1 0.328125 0.50703125 0.11875 0.2546875
1 0.52109375 0.6328125 0.125 0.2953125
1 0.40234375 0.265625 0.090625 0.1984375
1 0.51015625 0.14765625 0.071875 0.171875
1 0.44609375 0.503125 0.1109375 0.253125
1 0.515625 0.34453125 0.0953125 0.21875
1 0.70703125 0.56484375 0.096875 0.240625
1 0.89453125 0.4109375 0.109375 0.2140625
1 0.7875 0.453125 0.1015625 0.228125
1 0.63203125 0.48125 0.10625 0.2453125
1 0.61640625 0.3625 0.0921875 0.2109375
1 0.62578125 0.09140625 0.059375 0.1453125
1 0.646875 0.18203125 0.0734375 0.165625
1 0.71875 0.065625 0.040625 0.06875
1 0.903125 0.13203125 0.0625 0.128125
1 0.6984375 0.32578125 0.08125 0.2015625
1 0.7375 0.2125 0.0734375 0.1765625
1 0.7703125 0.14453125 0.06875 0.159375
2 0.015625 0.784375 0.03125 0.071875
2 0.1015625 0.47734375 0.040625 0.0546875
2 0.321875 0.43984375 0.03125 0.046875
2 0.3421875 0.40859375 0.0296875 0.046875
2 0.409375 0.1875 0.021875 0.0359375
2 0.46015625 0.4015625 0.028125 0.04375
2 0.53359375 0.521875 0.034375 0.0640625
2 0.5265625 0.25546875 0.021875 0.0359375
2 0.5171875 0.0796875 0.0203125 0.03125
2 0.72421875 0.47109375 0.0296875 0.046875
2 0.6515625 0.3828125 0.0265625 0.0421875
2 0.628125 0.2796875 0.025 0.0390625
2 0.8046875 0.36328125 0.0265625 0.0390625
2 0.9171875 0.32890625 0.025 0.0375
2 0.71640625 0.2453125 0.0234375 0.034375
2 0.7515625 0.140625 0.01875 0.028125
2 0.78359375 0.0796875 0.0171875 0.0234375
3 0.78515625 0.09375 0.015625 0.025