1 0.6953125 0.19296875 0.08125 0.1703125
1 0.46953125 0.20546875 0.0734375 0.178125
1 0.425 0.08984375 0.0640625 0.1515625
1 0.20546875 0.125 0.0625 0.1515625
1 0.2625 0.12109375 0.06875 0.1609375
1 0.315625 0.171875 0.0671875 0.1703125
1 0.35234375 0.1203125 0.071875 0.159375
2 0.6953125 0.1265625 0.021875 0.0359375
2 0.45859375 0.1359375 0.0203125 0.0328125
2 0.42421875 0.03828125 0.0171875 0.025
2 0.415625 0.0296875 0.015625 0.0265625
2 0.30390625 0.10625 0.0171875 0.03125
2 0.3421875 0.05625 0.01875 0.0265625
2 0.24921875 0.0578125 0.0171875 0.028125
2 0.1921875 0.065625 0.015625 0.0265625