1 0.240625 0.33671875 0.0609375 0.1890625
1 0.3765625 0.41015625 0.0546875 0.21953125
1 0.44921875 0.21171875 0.04765625 0.1734375
1 0.6015625 0.27890625 0.0484375 0.203125
1 0.7203125 0.20859375 0.0390625 0.178125
1 0.79765625 0.0671875 0.04609375 0.134375
1 0.65 0.1984375 0.04375 0.18046875
1 0.48359375 0.084375 0.03671875 0.1453125
1 0.53984375 0.21875 0.0484375 0.1796875
1 0.75859375 0.1453125 0.0421875 0.16171875
1 0.6765625 0.103125 0.0375 0.15703125
1 0.6203125 0.13984375 0.0390625 0.15625
1 0.5421875 0.115625 0.03984375 0.1203125
1 0.60078125 0.04609375 0.0328125 0.0921875
2 0.3765625 0.31953125 0.01875 0.0375
2 0.22734375 0.26015625 0.0171875 0.0375
2 0.4390625 0.15625 0.01484375 0.028125
2 0.44609375 0.140625 0.01484375 0.03125
2 0.47734375 0.02421875 0.0125 0.02578125
2 0.5390625 0.06640625 0.01171875 0.02265625
2 0.534375 0.1421875 0.01328125 0.02734375
2 0.59765625 0.19609375 0.0171875 0.0375
2 0.65078125 0.12265625 0.0140625 0.028125
2 0.6171875 0.075 0.01328125 0.02734375
2 0.72265625 0.1328125 0.01484375 0.02734375
2 0.7578125 0.078125 0.0140625 0.02578125
2 0.675 0.03984375 0.01328125 0.0296875
2 0.803125 0.00859375 0.01328125 0.0171875