1 0.21796875 0.74453125 0.096875 0.29921875
1 0.18515625 0.5109375 0.08046875 0.22734375
1 0.56875 0.4859375 0.06171875 0.253125
1 0.38046875 0.4015625 0.065625 0.215625
1 0.40859375 0.209375 0.046875 0.1734375
1 0.50859375 0.25 0.05078125 0.16953125
1 0.84375 0.2203125 0.0578125 0.18046875
1 0.76875 0.29453125 0.05390625 0.19375
1 0.71796875 0.403125 0.05 0.22578125
1 0.48515625 0.39296875 0.05859375 0.2140625
1 0.63359375 0.35078125 0.04921875 0.215625
1 0.665625 0.2171875 0.03828125 0.18125
1 0.6015625 0.26171875 0.0484375 0.18125
1 0.471875 0.08203125 0.0390625 0.15
1 0.59140625 0.1109375 0.03984375 0.1515625
1 0.675 0.1140625 0.03515625 0.159375
1 0.6921875 0.05859375 0.0375 0.1171875
2 0.1640625 0.41953125 0.0234375 0.0453125
2 0.2046875 0.621875 0.0265625 0.053125
2 0.365625 0.34140625 0.01953125 0.0375
2 0.3765625 0.31328125 0.01875 0.0390625
2 0.40078125 0.1375 0.01484375 0.0296875
2 0.56015625 0.3859375 0.02265625 0.05234375
2 0.478125 0.30234375 0.01796875 0.03125
2 0.503125 0.18046875 0.0140625 0.03046875
2 0.4671875 0.021875 0.01328125 0.02890625
2 0.8484375 0.14453125 0.01484375 0.02890625
2 0.7671875 0.21328125 0.01875 0.0328125
2 0.71796875 0.3078125 0.01875 0.03515625
2 0.634375 0.2609375 0.01796875 0.0359375
2 0.5984375 0.18515625 0.015625 0.02734375
2 0.66796875 0.14140625 0.015625 0.02890625
2 0.5859375 0.0515625 0.0140625 0.02734375
2 0.59296875 0.04765625 0.009375 0.0234375
2 0.6765625 0.046875 0.01328125 0.02421875