1 0.759375 0.76796875 0.121875 0.30625
1 0.8125 0.53828125 0.1 0.2328125
1 0.4328125 0.4796875 0.0828125 0.2578125
1 0.62734375 0.4125 0.084375 0.2203125
1 0.61640625 0.21875 0.0625 0.1765625
1 0.51328125 0.25 0.065625 0.1734375
1 0.18203125 0.19140625 0.0734375 0.184375
1 0.25 0.271875 0.0703125 0.1984375
1 0.29140625 0.384375 0.06875 0.2296875
1 0.52421875 0.39453125 0.0765625 0.21875
1 0.3796875 0.33984375 0.0671875 0.21875
1 0.359375 0.20390625 0.0546875 0.184375
1 0.41953125 0.25390625 0.0640625 0.184375
1 0.5640625 0.0859375 0.0515625 0.153125
1 0.44296875 0.1046875 0.053125 0.1546875
1 0.359375 0.1 0.0484375 0.1625
1 0.346875 0.0515625 0.046875 0.103125
2 0.84140625 0.44921875 0.0265625 0.046875
2 0.78359375 0.646875 0.03125 0.0546875
2 0.64765625 0.35390625 0.0234375 0.0390625
2 0.6390625 0.325 0.021875 0.040625
2 0.63046875 0.14765625 0.0171875 0.03125
2 0.45 0.38125 0.0265625 0.0546875
2 0.5390625 0.3046875 0.0203125 0.0328125
2 0.525 0.18125 0.0171875 0.03125
2 0.57421875 0.0265625 0.015625 0.0296875
2 0.18359375 0.115625 0.0171875 0.0296875
2 0.25859375 0.19140625 0.021875 0.034375
2 0.3 0.28984375 0.021875 0.0359375
2 0.38671875 0.25 0.0203125 0.0375
2 0.4296875 0.178125 0.0171875 0.028125
2 0.3640625 0.128125 0.01875 0.0296875
2 0.453125 0.04609375 0.015625 0.028125
2 0.446875 0.04140625 0.0109375 0.0234375
2 0.36328125 0.03359375 0.015625 0.025