1 0.3078125 0.5515625 0.0703125 0.2546875
1 0.21796875 0.41171875 0.0703125 0.21015625
1 0.5875 0.371875 0.05546875 0.225
1 0.41875 0.29296875 0.05390625 0.1921875
1 0.81875 0.1375 0.05078125 0.15625
1 0.4484375 0.1421875 0.04140625 0.1578125
1 0.76328125 0.20859375 0.046875 0.17734375
1 0.721875 0.29296875 0.0453125 0.19921875
1 0.64453125 0.265625 0.05078125 0.19765625
1 0.51640625 0.29609375 0.053125 0.1953125
1 0.61171875 0.19375 0.0453125 0.16953125
1 0.52734375 0.184375 0.0453125 0.15859375
1 0.67265625 0.15390625 0.040625 0.1625
1 0.5984375 0.0671875 0.0375 0.13359375
2 0.29921875 0.44609375 0.0203125 0.04375
2 0.2046875 0.3265625 0.0203125 0.0390625
2 0.5796875 0.28203125 0.01953125 0.0453125
2 0.50859375 0.21328125 0.015625 0.03203125
2 0.40546875 0.23515625 0.01640625 0.03203125
2 0.41484375 0.21484375 0.01640625 0.03671875
2 0.4421875 0.07734375 0.01328125 0.02890625
2 0.52265625 0.11875 0.0125 0.0265625
2 0.72109375 0.2109375 0.0171875 0.03359375
2 0.6421875 0.1828125 0.0171875 0.03125
2 0.609375 0.12265625 0.0140625 0.028125
2 0.67109375 0.0875 0.01484375 0.03046875
2 0.59375 0.01171875 0.01171875 0.0234375
2 0.7640625 0.134375 0.015625 0.0296875
2 0.82421875 0.07265625 0.01484375 0.02578125