1 0.3015625 0.51015625 0.121875 0.2640625
1 0.2421875 0.3546875 0.1125 0.2203125
1 0.6125 0.39296875 0.1015625 0.23125
1 0.46328125 0.28046875 0.0921875 0.1984375
1 0.8875 0.21171875 0.0828125 0.1640625
1 0.52421875 0.1390625 0.0734375 0.1625
1 0.81796875 0.26953125 0.0828125 0.1828125
1 0.76015625 0.34375 0.0859375 0.2046875
1 0.68984375 0.30078125 0.090625 0.203125
1 0.55859375 0.30390625 0.0921875 0.2015625
1 0.67265625 0.2234375 0.0796875 0.175
1 0.5921875 0.196875 0.0765625 0.1640625
1 0.740625 0.19765625 0.0734375 0.1671875
1 0.6859375 0.096875 0.0640625 0.1390625
2 0.31484375 0.40546875 0.0296875 0.046875
2 0.246875 0.26875 0.028125 0.0421875
2 0.6234375 0.303125 0.028125 0.0484375
2 0.56796875 0.22109375 0.021875 0.034375
2 0.4625 0.22109375 0.0234375 0.034375
2 0.47578125 0.203125 0.0234375 0.0390625
2 0.53125 0.07421875 0.01875 0.03125
2 0.6015625 0.13203125 0.0171875 0.028125
2 0.7765625 0.26328125 0.0234375 0.0359375
2 0.7046875 0.21953125 0.0234375 0.034375
2 0.68515625 0.15390625 0.0203125 0.0296875
2 0.753125 0.13203125 0.0203125 0.0328125
2 0.69296875 0.0421875 0.015625 0.025
2 0.834375 0.19765625 0.021875 0.0328125
2 0.90625 0.14921875 0.0203125 0.028125