1 0.93359375 0.64453125 0.1328125 0.3109375
1 0.60625 0.853125 0.15 0.275
1 0.7453125 0.821875 0.159375 0.2671875
1 0.7625 0.51953125 0.1515625 0.28125
1 0.41796875 0.803125 0.1515625 0.3203125
1 0.57265625 0.4515625 0.1265625 0.234375
1 0.45625 0.47109375 0.11875 0.234375
1 0.41015625 0.2484375 0.0921875 0.1890625
1 0.0734375 0.49453125 0.1234375 0.2375
1 0.1609375 0.33515625 0.1015625 0.2
1 0.30625 0.61171875 0.13125 0.2625
1 0.2625 0.43984375 0.121875 0.2203125
2 0.74140625 0.721875 0.0421875 0.0609375
2 0.95625 0.525 0.046875 0.0609375
2 0.74453125 0.40859375 0.0375 0.05
2 0.58984375 0.7515625 0.0421875 0.0609375
2 0.38515625 0.67734375 0.0390625 0.0546875
2 0.5625 0.35703125 0.0296875 0.0421875
2 0.5484375 0.37109375 0.025 0.0359375
2 0.3921875 0.1734375 0.021875 0.0328125
2 0.44765625 0.38984375 0.03125 0.0421875
2 0.43203125 0.3796875 0.028125 0.040625
2 0.23203125 0.35703125 0.0265625 0.0359375
3 0.23671875 0.38046875 0.0234375 0.0296875
2 0.2765625 0.51328125 0.0296875 0.0421875
2 0.13828125 0.259375 0.0265625 0.0375
2 0.0421875 0.40625 0.0328125 0.0453125
3 0.04296875 0.43828125 0.0328125 0.0453125