1 0.67109375 0.709375 0.1484375 0.30625
1 0.85625 0.5375 0.1625 0.2765625
1 0.68046875 0.4125 0.13125 0.25
1 0.51875 0.8984375 0.1375 0.203125
1 0.28828125 0.896875 0.1484375 0.20625
1 0.42265625 0.38984375 0.10625 0.2171875
1 0.509375 0.34765625 0.0984375 0.2078125
1 0.53671875 0.73125 0.14375 0.3
1 0.37734375 0.665625 0.13125 0.2859375
1 0.36796875 0.19765625 0.08125 0.1765625
1 0.15625 0.2390625 0.0875 0.18125
1 0.0734375 0.38515625 0.1046875 0.2140625
1 0.246875 0.35078125 0.1046875 0.1875
1 0.29375 0.48984375 0.1078125 0.234375
2 0.84609375 0.43203125 0.0421875 0.0578125
2 0.65390625 0.5875 0.034375 0.0546875
2 0.6625 0.31640625 0.03125 0.046875
2 0.51875 0.6109375 0.0359375 0.053125
2 0.26328125 0.83359375 0.04375 0.0609375
2 0.35 0.55078125 0.0328125 0.0484375
2 0.0484375 0.3046875 0.03125 0.04375
3 0.046875 0.33125 0.0265625 0.0375
2 0.22265625 0.2828125 0.025 0.034375
3 0.22734375 0.303125 0.021875 0.028125
2 0.1375 0.16953125 0.021875 0.0328125
2 0.353125 0.12890625 0.0203125 0.03125
2 0.26796875 0.4015625 0.0296875 0.0453125
2 0.41484375 0.3125 0.0296875 0.0390625
2 0.40078125 0.30546875 0.025 0.0375
2 0.49921875 0.26328125 0.0234375 0.0359375
2 0.48828125 0.27578125 0.0203125 0.0296875