1 0.2625 0.30625 0.0828125 0.1953125
1 0.38828125 0.39609375 0.08125 0.225
1 0.484375 0.2078125 0.06875 0.178125
1 0.628125 0.29296875 0.0734375 0.2078125
1 0.75390625 0.2375 0.0609375 0.18125
1 0.8484375 0.10703125 0.0625 0.1390625
1 0.6859375 0.21875 0.065625 0.184375
1 0.534375 0.08515625 0.0546875 0.1484375
1 0.5734375 0.22578125 0.0703125 0.184375
1 0.8 0.1796875 0.0609375 0.165625
1 0.7234375 0.12734375 0.05625 0.1609375
1 0.66328125 0.15703125 0.0578125 0.159375
1 0.5890625 0.1234375 0.0546875 0.125
1 0.65546875 0.06171875 0.04375 0.0953125
2 0.39921875 0.30546875 0.0234375 0.0390625
2 0.25859375 0.22890625 0.021875 0.0390625
2 0.48125 0.1515625 0.01875 0.0296875
2 0.490625 0.13671875 0.01875 0.0328125
2 0.53515625 0.025 0.015625 0.0265625
2 0.59140625 0.07421875 0.0140625 0.0234375
2 0.57734375 0.14921875 0.0171875 0.028125
2 0.63359375 0.21015625 0.021875 0.0390625
2 0.6953125 0.14375 0.0171875 0.0296875
2 0.66796875 0.0921875 0.0171875 0.028125
2 0.765625 0.1625 0.01875 0.0296875
2 0.80703125 0.1125 0.0171875 0.0265625
2 0.7296875 0.06484375 0.0171875 0.03125
2 0.8609375 0.04921875 0.015625 0.01875