1 0.7 0.196875 0.0796875 0.1703125
1 0.475 0.20546875 0.0703125 0.1765625
1 0.43203125 0.08828125 0.0609375 0.1515625
1 0.21171875 0.1203125 0.059375 0.1515625
1 0.26875 0.1171875 0.065625 0.159375
1 0.32109375 0.16875 0.065625 0.16875
1 0.35859375 0.11796875 0.06875 0.159375
2 0.70234375 0.13046875 0.021875 0.0359375
2 0.46484375 0.13515625 0.0203125 0.0328125
2 0.4328125 0.03671875 0.015625 0.025
2 0.42421875 0.028125 0.015625 0.0265625
2 0.3109375 0.10234375 0.0171875 0.03125
2 0.35 0.05390625 0.01875 0.0265625
2 0.25703125 0.053125 0.0171875 0.028125
2 0.19921875 0.06015625 0.015625 0.0265625