1 0.08125 0.74140625 0.128125 0.2921875
1 0.3328125 0.86640625 0.10625 0.2671875
1 0.559375 0.91171875 0.109375 0.1765625
1 0.67578125 0.8375 0.125 0.3
1 0.7546875 0.45625 0.10625 0.24375
1 0.109375 0.22578125 0.065625 0.184375
1 0.20390625 0.10625 0.05625 0.1578125
1 0.61953125 0.31796875 0.0859375 0.2140625
1 0.58125 0.56484375 0.096875 0.2640625
1 0.425 0.7484375 0.1109375 0.3046875
1 0.228125 0.715625 0.10625 0.2859375
1 0.37109375 0.11953125 0.053125 0.159375
1 0.48125 0.23671875 0.0640625 0.1765625
1 0.41484375 0.29296875 0.071875 0.19375
1 0.45859375 0.57421875 0.0921875 0.259375
1 0.33984375 0.50546875 0.0828125 0.246875
1 0.29609375 0.34375 0.0703125 0.209375
1 0.26328125 0.23515625 0.065625 0.1671875
1 0.86015625 0.88671875 0.1390625 0.1671875
2 0.5796875 0.45625 0.025 0.046875
2 0.86640625 0.85078125 0.040625 0.0703125
2 0.56875 0.86953125 0.0390625 0.084375
2 0.678125 0.71875 0.0328125 0.05625
2 0.75625 0.3609375 0.028125 0.0484375
2 0.61640625 0.2328125 0.0234375 0.0375
2 0.45546875 0.46953125 0.0265625 0.046875
2 0.21640625 0.6 0.0296875 0.0484375
2 0.06015625 0.62578125 0.03125 0.0515625
2 0.31953125 0.7640625 0.0328125 0.0546875
2 0.41015625 0.62578125 0.03125 0.0546875
2 0.33046875 0.40546875 0.025 0.04375
2 0.2828125 0.259375 0.021875 0.034375
2 0.41484375 0.2203125 0.0203125 0.034375
2 0.40546875 0.21484375 0.0171875 0.0328125
2 0.36484375 0.053125 0.0171875 0.025
2 0.48046875 0.16640625 0.0171875 0.0328125
2 0.46953125 0.17578125 0.0109375 0.0234375
2 0.19609375 0.04296875 0.0171875 0.0296875
2 0.25546875 0.16875 0.0203125 0.03125
3 0.09296875 0.1703125 0.0203125 0.034375
2 0.09453125 0.15546875 0.0203125 0.0359375
3 0.253125 0.18671875 0.0171875 0.025