1 0.153125 0.9390625 0.14375 0.121875
1 0.1546875 0.69765625 0.1328125 0.2609375
1 0.3390625 0.56015625 0.103125 0.253125
1 0.5609375 0.6203125 0.10625 0.29375
1 0.334375 0.30703125 0.078125 0.1953125
1 0.40078125 0.16171875 0.0609375 0.1703125
1 0.45 0.51953125 0.0953125 0.25
1 0.4671875 0.34765625 0.08125 0.2171875
1 0.7171875 0.49765625 0.0828125 0.2390625
1 0.84765625 0.29375 0.096875 0.2109375
1 0.759375 0.36640625 0.0859375 0.2265625
1 0.61953125 0.44140625 0.090625 0.24375
1 0.56875 0.33359375 0.078125 0.209375
1 0.49296875 0.07265625 0.05 0.14375
1 0.54140625 0.15234375 0.0625 0.1640625
1 0.5734375 0.0265625 0.0375 0.053125
1 0.7703125 0.04375 0.053125 0.0875
1 0.63515625 0.2734375 0.0671875 0.2
1 0.63671875 0.153125 0.0609375 0.1765625
1 0.64765625 0.078125 0.0578125 0.15625
2 0.11640625 0.92421875 0.0515625 0.06875
2 0.1140625 0.6015625 0.0375 0.053125
2 0.3125 0.49765625 0.0296875 0.0453125
2 0.32109375 0.46171875 0.0265625 0.0453125
2 0.3171875 0.23046875 0.0203125 0.0359375
2 0.43203125 0.41875 0.025 0.0421875
2 0.53828125 0.51015625 0.03125 0.0640625
2 0.45 0.259375 0.0203125 0.0359375
2 0.38671875 0.0953125 0.01875 0.03125
2 0.7046875 0.403125 0.0265625 0.0453125
2 0.6078125 0.3421875 0.025 0.040625
2 0.55390625 0.25078125 0.021875 0.0375
2 0.746875 0.27578125 0.0234375 0.0375
2 0.84375 0.20859375 0.0234375 0.0359375
2 0.62734375 0.190625 0.0203125 0.0328125
2 0.628125 0.08046875 0.0171875 0.028125
2 0.63984375 0.0125 0.015625 0.0234375
3 0.6453125 0.02578125 0.0140625 0.025