1 0.39765625 0.75 0.0953125 0.2984375
1 0.1703125 0.63984375 0.115625 0.2640625
1 0.30234375 0.46875 0.0890625 0.2421875
1 0.60078125 0.89453125 0.103125 0.2046875
1 0.82890625 0.85234375 0.1015625 0.2671875
1 0.54140625 0.371875 0.0671875 0.2125
1 0.44609375 0.35703125 0.0609375 0.203125
1 0.5328125 0.73203125 0.0921875 0.29375
1 0.66640625 0.62265625 0.0796875 0.28125
1 0.5375 0.17265625 0.05 0.1734375
1 0.75234375 0.15 0.05625 0.178125
1 0.87421875 0.265625 0.065625 0.209375
1 0.6984375 0.2828125 0.0734375 0.1796875
1 0.69453125 0.43046875 0.0671875 0.2296875
2 0.14921875 0.53671875 0.0328125 0.053125
2 0.378125 0.628125 0.025 0.0515625
2 0.290625 0.371875 0.0234375 0.04375
2 0.51484375 0.61171875 0.028125 0.05
2 0.8234375 0.75 0.034375 0.05625
2 0.65859375 0.5046875 0.025 0.0453125
2 0.87421875 0.18125 0.0234375 0.040625
3 0.88359375 0.20625 0.0203125 0.034375
2 0.7015625 0.2109375 0.0203125 0.0328125
3 0.703125 0.23203125 0.0171875 0.0265625
2 0.75 0.078125 0.0171875 0.03125
2 0.53203125 0.10234375 0.015625 0.028125
2 0.69296875 0.33828125 0.021875 0.0421875
2 0.5265625 0.29609375 0.0234375 0.0359375
2 0.53828125 0.28515625 0.01875 0.0359375
2 0.43203125 0.2734375 0.0171875 0.0328125
2 0.4453125 0.28203125 0.015625 0.028125