1 0.06171875 0.70390625 0.103125 0.284375
1 0.30078125 0.86015625 0.0828125 0.2796875
1 0.52265625 0.915625 0.0953125 0.16875
1 0.64609375 0.8515625 0.1 0.29375
1 0.7578125 0.478125 0.0875 0.2375
1 0.134375 0.19296875 0.0515625 0.18125
1 0.23984375 0.08203125 0.04375 0.1546875
1 0.63515625 0.32890625 0.0671875 0.209375
1 0.57578125 0.57109375 0.075 0.259375
1 0.403125 0.740625 0.0859375 0.3
1 0.21015625 0.69140625 0.0828125 0.28125
1 0.4046875 0.109375 0.040625 0.1578125
1 0.50390625 0.2359375 0.0484375 0.1734375
1 0.4328125 0.2859375 0.05625 0.190625
1 0.45234375 0.5703125 0.0703125 0.25625
1 0.33984375 0.49140625 0.0609375 0.24375
1 0.31015625 0.3265625 0.053125 0.20625
1 0.2875 0.215625 0.0515625 0.1640625
1 0.825 0.9171875 0.1265625 0.15625
2 0.5828125 0.46328125 0.0203125 0.0453125
2 0.834375 0.88203125 0.0359375 0.0671875
2 0.5359375 0.87421875 0.0328125 0.08125
2 0.65859375 0.7328125 0.0296875 0.053125
2 0.7671875 0.38359375 0.025 0.046875
2 0.6390625 0.24375 0.0203125 0.0359375
2 0.4578125 0.465625 0.0234375 0.0453125
2 0.209375 0.575 0.0265625 0.046875
2 0.05078125 0.58671875 0.028125 0.0484375
2 0.296875 0.74765625 0.0296875 0.053125
2 0.4 0.6171875 0.0265625 0.0515625
2 0.33984375 0.39140625 0.021875 0.0421875
2 0.3046875 0.24140625 0.01875 0.0328125
2 0.43984375 0.2140625 0.0171875 0.0328125
2 0.43046875 0.20703125 0.0140625 0.0328125
2 0.4046875 0.04296875 0.0140625 0.0234375
2 0.51015625 0.16640625 0.0140625 0.03125
2 0.4984375 0.17421875 0.009375 0.0234375
2 0.23671875 0.01875 0.0140625 0.028125
2 0.28515625 0.14921875 0.0171875 0.0296875
3 0.1234375 0.1359375 0.0171875 0.0328125
2 0.12578125 0.12109375 0.0171875 0.034375
3 0.28203125 0.16640625 0.0140625 0.0234375