1 0.25 0.2359375 0.0515625 0.16328125
1 0.4734375 0.20546875 0.04140625 0.17265625
1 0.4953125 0.0828125 0.0359375 0.146875
1 0.71796875 0.07578125 0.034375 0.14765625
1 0.6609375 0.0828125 0.03984375 0.15546875
1 0.61875 0.14296875 0.03671875 0.165625
1 0.57265625 0.09921875 0.04296875 0.15390625
2 0.23671875 0.17109375 0.015625 0.03359375
2 0.47109375 0.134375 0.01484375 0.03046875
2 0.4859375 0.03203125 0.0125 0.02265625
2 0.49296875 0.021875 0.01171875 0.02421875
2 0.6171875 0.07578125 0.0125 0.0296875
2 0.5703125 0.034375 0.0140625 0.02421875
2 0.66171875 0.01796875 0.0125 0.0265625
2 0.71953125 0.01484375 0.01171875 0.025