1 0.06484375 0.8390625 0.128125 0.2984375
1 0.51796875 0.80546875 0.08046875 0.33046875
1 0.26953125 0.73671875 0.09296875 0.2796875
1 0.41171875 0.66640625 0.07890625 0.275
1 0.3046875 0.38203125 0.06953125 0.209375
1 0.40703125 0.23203125 0.05078125 0.1828125
1 0.90234375 0.4890625 0.08515625 0.2359375
1 0.78203125 0.5265625 0.0671875 0.2453125
1 0.70859375 0.6890625 0.06640625 0.2890625
1 0.6140625 0.578125 0.06953125 0.26796875
1 0.5703125 0.44609375 0.05859375 0.225
1 0.4578125 0.446875 0.0625 0.2296875
1 0.5203125 0.146875 0.03984375 0.153125
1 0.57421875 0.215625 0.04765625 0.1734375
1 0.84140625 0.1125 0.04296875 0.1625
1 0.6609375 0.38125 0.04921875 0.21953125
1 0.61328125 0.06015625 0.03359375 0.1203125
1 0.68125 0.2375 0.0453125 0.18515625
1 0.70234375 0.15625 0.0421875 0.16953125
1 0.73984375 0.03984375 0.028125 0.07890625
2 0.02890625 0.71875 0.0328125 0.05546875
2 0.24296875 0.68046875 0.0296875 0.05546875
2 0.26328125 0.62265625 0.02578125 0.05234375
2 0.2953125 0.29453125 0.01875 0.0359375
2 0.50703125 0.6734375 0.0265625 0.06796875
2 0.3984375 0.55234375 0.02421875 0.04453125
2 0.45078125 0.35078125 0.01796875 0.03828125
2 0.4 0.15625 0.015625 0.03125
2 0.56484375 0.353125 0.0203125 0.0390625
2 0.61640625 0.46796875 0.02265625 0.04609375
2 0.71015625 0.56953125 0.02265625 0.04921875
2 0.78203125 0.42421875 0.02265625 0.0421875
2 0.9109375 0.390625 0.02109375 0.040625
2 0.6609375 0.2890625 0.01875 0.03671875
2 0.5671875 0.1484375 0.015625 0.03125
2 0.51484375 0.08515625 0.0125 0.0265625
2 0.57578125 0.14375 0.01171875 0.028125
2 0.6828125 0.159375 0.015625 0.028125
2 0.703125 0.0859375 0.0140625 0.02734375
2 0.846875 0.0484375 0.01484375 0.0296875
3 0.8484375 0.06171875 0.01328125 0.0265625
3 0.7078125 0.09921875 0.0125 0.02265625