1 0.04765625 0.73203125 0.0953125 0.3203125
1 0.4484375 0.8015625 0.153125 0.340625
1 0.221875 0.67890625 0.153125 0.29375
1 0.3765625 0.6421875 0.1390625 0.2859375
1 0.3359375 0.34140625 0.115625 0.2203125
1 0.46953125 0.21796875 0.090625 0.1890625
1 0.89453125 0.5796875 0.1359375 0.2484375
1 0.76875 0.5890625 0.1203125 0.2546875
1 0.6609375 0.73125 0.1296875 0.296875
1 0.59375 0.6015625 0.128125 0.2765625
1 0.58046875 0.46328125 0.1078125 0.2328125
1 0.47109375 0.4390625 0.1125 0.2375
1 0.59921875 0.16015625 0.0734375 0.1578125
1 0.6359375 0.23984375 0.0859375 0.1796875
1 0.91953125 0.19921875 0.078125 0.16875
1 0.68359375 0.4203125 0.096875 0.225
1 0.709375 0.096875 0.059375 0.125
1 0.7359375 0.28515625 0.0859375 0.190625
1 0.77421875 0.2109375 0.0796875 0.175
1 0.8375 0.10546875 0.0453125 0.0828125
2 0.00625 0.60703125 0.0125 0.0609375
2 0.20859375 0.61796875 0.040625 0.0609375
2 0.24140625 0.56640625 0.0375 0.05625
2 0.346875 0.25390625 0.0265625 0.0390625
2 0.46796875 0.6703125 0.040625 0.071875
2 0.3890625 0.528125 0.034375 0.0484375
2 0.4859375 0.34375 0.0265625 0.040625
2 0.4796875 0.1421875 0.021875 0.034375
2 0.59609375 0.37109375 0.028125 0.0421875
2 0.6203125 0.4953125 0.0328125 0.05
2 0.6890625 0.61484375 0.0328125 0.053125
2 0.7921875 0.48984375 0.03125 0.046875
2 0.925 0.4859375 0.0296875 0.04375
2 0.70390625 0.33046875 0.0265625 0.040625
2 0.64453125 0.17265625 0.021875 0.034375
2 0.6078125 0.09921875 0.01875 0.028125
2 0.65390625 0.1703125 0.0171875 0.0296875
2 0.7546875 0.209375 0.021875 0.03125
2 0.79140625 0.1421875 0.0203125 0.0296875
2 0.93984375 0.13828125 0.021875 0.0328125
3 0.93828125 0.1515625 0.01875 0.028125
3 0.79296875 0.15625 0.0171875 0.025