1 0.69296875 0.5484375 0.075 0.25625
1 0.78046875 0.40703125 0.0734375 0.2109375
1 0.41015625 0.3734375 0.059375 0.2265625
1 0.57734375 0.29140625 0.0578125 0.19375
1 0.175 0.14296875 0.053125 0.1578125
1 0.5453125 0.14140625 0.04375 0.1578125
1 0.23203125 0.21328125 0.05 0.178125
1 0.27421875 0.296875 0.0484375 0.2
1 0.3515625 0.26796875 0.0546875 0.1984375
1 0.4796875 0.29609375 0.05625 0.196875
1 0.3828125 0.19609375 0.0484375 0.1703125
1 0.4671875 0.18515625 0.0484375 0.159375
1 0.32109375 0.15703125 0.04375 0.1625
1 0.39375 0.06875 0.0390625 0.134375
2 0.7 0.44296875 0.0203125 0.04375
2 0.7921875 0.32109375 0.0203125 0.0390625
2 0.41640625 0.28359375 0.0203125 0.0453125
2 0.48671875 0.21328125 0.015625 0.0328125
2 0.58984375 0.23359375 0.0171875 0.0328125
2 0.58046875 0.21328125 0.0171875 0.0375
2 0.55078125 0.0765625 0.0140625 0.0296875
2 0.4703125 0.11953125 0.0125 0.0265625
2 0.27421875 0.21484375 0.0171875 0.034375
2 0.35234375 0.18515625 0.0171875 0.03125
2 0.384375 0.125 0.0140625 0.028125
2 0.321875 0.090625 0.015625 0.03125
2 0.39765625 0.01328125 0.0125 0.0234375
2 0.2296875 0.1390625 0.015625 0.0296875
2 0.16875 0.078125 0.015625 0.0265625