1 0.93125 0.70078125 0.1375 0.3046875
1 0.5625 0.86328125 0.121875 0.271875
1 0.7046875 0.84921875 0.13125 0.2625
1 0.7578125 0.5515625 0.1203125 0.278125
1 0.38125 0.79140625 0.1171875 0.31875
1 0.578125 0.4609375 0.1015625 0.23125
1 0.459375 0.46640625 0.0921875 0.2328125
1 0.44140625 0.2390625 0.071875 0.1875
1 0.07734375 0.44296875 0.096875 0.234375
1 0.18359375 0.2953125 0.0796875 0.1984375
1 0.29375 0.5875 0.103125 0.259375
1 0.27109375 0.41171875 0.0984375 0.2171875
2 0.7125 0.74921875 0.0359375 0.059375
2 0.95 0.58046875 0.040625 0.059375
2 0.75390625 0.4390625 0.0328125 0.0484375
2 0.55859375 0.7609375 0.0359375 0.059375
2 0.3640625 0.66171875 0.034375 0.053125
2 0.5796875 0.365625 0.025 0.040625
2 0.5640625 0.378125 0.021875 0.034375
2 0.4328125 0.16328125 0.01875 0.03125
2 0.46171875 0.384375 0.0265625 0.040625
2 0.44765625 0.37265625 0.0234375 0.0390625
2 0.2515625 0.325 0.0234375 0.034375
3 0.253125 0.34921875 0.0203125 0.028125
2 0.2765625 0.4859375 0.025 0.040625
2 0.1703125 0.2171875 0.0234375 0.0359375
2 0.05703125 0.35078125 0.028125 0.04375
3 0.05390625 0.3828125 0.028125 0.04375