1 0.0890625 0.76015625 0.121875 0.28984375
1 0.4890625 0.86875 0.0859375 0.26171875
1 0.34609375 0.87421875 0.09765625 0.25078125
1 0.2515625 0.58671875 0.084375 0.26875
1 0.6578125 0.771875 0.07421875 0.3109375
1 0.4171875 0.471875 0.0703125 0.22421875
1 0.53515625 0.4609375 0.06171875 0.2265625
1 0.521875 0.23359375 0.04609375 0.18359375
1 0.9109375 0.384375 0.06640625 0.228125
1 0.78515625 0.253125 0.05390625 0.1921875
1 0.71640625 0.5578125 0.06796875 0.253125
1 0.7140625 0.38046875 0.06953125 0.209375
2 0.32421875 0.7765625 0.02890625 0.05546875
2 0.065625 0.6421875 0.03359375 0.0546875
2 0.23984375 0.475 0.0265625 0.0453125
2 0.478125 0.76640625 0.028125 0.05546875
2 0.65703125 0.64140625 0.02734375 0.05
2 0.40234375 0.378125 0.0203125 0.0375
2 0.41953125 0.38828125 0.0171875 0.03203125
2 0.51953125 0.15703125 0.01484375 0.0296875
2 0.521875 0.38046875 0.021875 0.0375
2 0.534375 0.36640625 0.01875 0.0375
2 0.721875 0.2921875 0.01875 0.0328125
3 0.7234375 0.31640625 0.01640625 0.0265625
2 0.71953125 0.4546875 0.01953125 0.0390625
2 0.7875 0.17421875 0.01875 0.03359375
2 0.91796875 0.290625 0.02265625 0.040625
3 0.92578125 0.321875 0.02265625 0.04140625