1 0.834375 0.5015625 0.325 0.478125
1 0.340625 0.61015625 0.271875 0.48125
1 0.5203125 0.51484375 0.2140625 0.3671875
2 0.7984375 0.32265625 0.0578125 0.090625
2 0.4921875 0.371875 0.0390625 0.059375
2 0.53203125 0.3484375 0.0375 0.053125
2 0.2953125 0.43046875 0.05625 0.084375
1 0.071875 0.53046875 0.0875 0.1734375
1 0.67265625 0.4375 0.184375 0.26875
2 0.90625 0.27421875 0.0421875 0.059375
2 0.6609375 0.33828125 0.03125 0.0484375
2 0.634375 0.34140625 0.03125 0.0515625
2 0.68203125 0.32890625 0.0234375 0.0359375
2 0.4609375 0.37578125 0.021875 0.0359375
1 0.23671875 0.5125 0.1109375 0.215625
2 0.221875 0.43125 0.028125 0.0453125
2 0.0578125 0.465625 0.01875 0.0296875