1 0.4109375 0.484375 0.1640625 0.2984375
1 0.6390625 0.53359375 0.1421875 0.2609375
1 0.73125 0.525 0.096875 0.2140625
1 0.80390625 0.5484375 0.103125 0.2234375
1 0.8640625 0.54140625 0.0796875 0.1890625
1 0.91484375 0.53828125 0.0734375 0.159375
0 0.96640625 0.5484375 0.065625 0.1625
3 0.978125 0.484375 0.0328125 0.034375
2 0.4203125 0.36640625 0.0296875 0.0453125
2 0.646875 0.425 0.025 0.034375
2 0.81953125 0.45703125 0.0234375 0.0328125
2 0.871875 0.4625 0.01875 0.0234375
2 0.9171875 0.4765625 0.0171875 0.0265625
2 0.93046875 0.47890625 0.0171875 0.0296875
2 0.7765625 0.4515625 0.0203125 0.0328125