1 0.18359375 0.49609375 0.18984375 0.2875
0 0.61875 0.62265625 0.23203125 0.53984375
1 0.46484375 0.51875 0.14453125 0.29921875
1 0.35859375 0.4796875 0.1140625 0.24375
1 0.9125 0.49765625 0.0578125 0.19765625
2 0.18515625 0.3765625 0.03203125 0.053125
2 0.44375 0.3984375 0.03125 0.053125
2 0.36640625 0.3828125 0.0234375 0.0421875
2 0.15625 0.38515625 0.02421875 0.0359375
2 0.4625 0.3921875 0.025 0.053125
2 0.91015625 0.41640625 0.0171875 0.034375
3 0.646875 0.39453125 0.03828125 0.08359375
2 0.49921875 0.38359375 0.01640625 0.0390625
2 0.51796875 0.3875 0.0203125 0.03828125