1 0.18671875 0.50859375 0.19375 0.3515625
1 0.34921875 0.47734375 0.140625 0.26953125
1 0.57265625 0.5046875 0.12890625 0.3109375
1 0.7421875 0.46640625 0.06953125 0.2328125
1 0.83984375 0.46015625 0.0671875 0.19921875
1 0.97578125 0.44296875 0.0484375 0.14765625
2 0.17734375 0.3703125 0.03359375 0.059375
2 0.3484375 0.36484375 0.028125 0.0453125
1 0.646875 0.47421875 0.0921875 0.234375
1 0.49765625 0.4796875 0.09921875 0.271875
2 0.503125 0.3640625 0.02265625 0.04140625
2 0.98515625 0.38203125 0.0140625 0.02578125
2 0.74765625 0.36875 0.02109375 0.03671875
2 0.65078125 0.38203125 0.02421875 0.04921875
3 0.57109375 0.3734375 0.02578125 0.0484375
2 0.83671875 0.37734375 0.0171875 0.03359375
2 0.8671875 0.37265625 0.0140625 0.0265625
1 0.1015625 0.4515625 0.08984375 0.25625
2 0.11640625 0.3484375 0.02734375 0.04765625