1 0.1875 0.48125 0.2234375 0.3671875
1 0.3515625 0.4640625 0.1640625 0.28125
1 0.571875 0.5109375 0.15625 0.3203125
1 0.74453125 0.4875 0.0890625 0.2375
1 0.8421875 0.48984375 0.084375 0.2046875
1 0.97421875 0.48359375 0.0515625 0.1515625
2 0.18984375 0.34296875 0.0390625 0.0625
2 0.3609375 0.35234375 0.03125 0.046875
1 0.6484375 0.4875 0.1125 0.2421875
1 0.49921875 0.4796875 0.121875 0.2796875
2 0.51484375 0.36484375 0.0265625 0.04375
2 0.99296875 0.42421875 0.0140625 0.0265625
2 0.7578125 0.390625 0.0234375 0.0390625
2 0.66015625 0.3953125 0.028125 0.0515625
3 0.58203125 0.38046875 0.0296875 0.05
2 0.84609375 0.40703125 0.0203125 0.034375
2 0.8765625 0.40546875 0.015625 0.028125
1 0.10703125 0.4171875 0.1125 0.2625
2 0.13125 0.315625 0.03125 0.05