1 0.17109375 0.559375 0.25234375 0.44140625
1 0.67578125 0.58125 0.1953125 0.4546875
1 0.4828125 0.51796875 0.15703125 0.34453125
2 0.175 0.37734375 0.04453125 0.084375
2 0.48515625 0.37265625 0.0296875 0.0546875
2 0.4421875 0.35625 0.02890625 0.0484375
2 0.68984375 0.39609375 0.04375 0.07734375
1 0.9265625 0.45546875 0.06015625 0.165625
1 0.31953125 0.46875 0.14375 0.24765625
2 0.0609375 0.3484375 0.0328125 0.0546875
2 0.31328125 0.36875 0.0234375 0.04453125
2 0.33984375 0.3671875 0.02265625 0.0484375
2 0.29140625 0.36328125 0.01875 0.0328125
2 0.5171875 0.37109375 0.015625 0.034375
1 0.76171875 0.46640625 0.0765625 0.2046875
2 0.76171875 0.384375 0.02109375 0.04296875
2 0.9296875 0.3890625 0.01484375 0.028125