1 0.24140625 0.63515625 0.3453125 0.5578125
1 0.63203125 0.521875 0.1640625 0.340625
1 0.82890625 0.47421875 0.0953125 0.2109375
1 0.88984375 0.4515625 0.06875 0.1609375
2 0.221875 0.41640625 0.0625 0.09375
2 0.16015625 0.403125 0.053125 0.0828125
1 0.33828125 0.50859375 0.1875 0.315625
2 0.3203125 0.384375 0.0375 0.0578125
2 0.61875 0.3859375 0.0359375 0.059375
1 0.9578125 0.4484375 0.0609375 0.1546875
2 0.81640625 0.3859375 0.0203125 0.0265625
2 0.93203125 0.37890625 0.01875 0.028125
2 0.88984375 0.38203125 0.0171875 0.0234375