1 0.859375 0.63125 0.28125 0.434375
1 0.63515625 0.5921875 0.2765625 0.425
1 0.36640625 0.490625 0.1578125 0.3015625
1 0.26328125 0.4421875 0.11875 0.2203125
1 0.1640625 0.40859375 0.096875 0.1890625
0 0.1046875 0.409375 0.0921875 0.2203125
2 0.934375 0.47890625 0.0609375 0.0859375
2 0.6625 0.434375 0.053125 0.08125
2 0.2875 0.3625 0.025 0.0390625
2 0.39140625 0.37265625 0.034375 0.0484375
3 0.125 0.3234375 0.0390625 0.0421875
1 0.546875 0.50859375 0.140625 0.284375
2 0.17890625 0.33828125 0.028125 0.0390625
2 0.30234375 0.3578125 0.01875 0.0296875
2 0.59765625 0.40625 0.0359375 0.05
2 0.275 0.36328125 0.01875 0.0359375
2 0.0875 0.321875 0.0171875 0.0265625
2 0.05390625 0.315625 0.015625 0.0234375