1 0.35859375 0.53828125 0.2578125 0.4078125
1 0.21796875 0.68984375 0.4359375 0.6203125
1 0.4625 0.4546875 0.128125 0.2109375
2 0.11015625 0.4828125 0.1015625 0.1421875
2 0.321875 0.38828125 0.0515625 0.075
2 0.165625 0.38515625 0.04375 0.0609375
1 0.95625 0.346875 0.0734375 0.1578125
1 0.8484375 0.37890625 0.1171875 0.1890625
1 0.7015625 0.42578125 0.134375 0.221875
1 0.7640625 0.38671875 0.1 0.184375
1 0.6359375 0.38125 0.0640625 0.125
2 0.7484375 0.3171875 0.0234375 0.0359375
2 0.68515625 0.33828125 0.028125 0.0359375
2 0.84140625 0.30546875 0.0203125 0.03125
2 0.8671875 0.29765625 0.021875 0.028125
2 0.6203125 0.334375 0.0140625 0.021875
2 0.4453125 0.37265625 0.0234375 0.0328125