1 0.1171875 0.571875 0.234375 0.409375
1 0.3515625 0.56953125 0.2203125 0.4015625
1 0.63359375 0.51171875 0.115625 0.2921875
1 0.74296875 0.48046875 0.0875 0.2125
1 0.84609375 0.4625 0.0703125 0.1828125
0 0.9046875 0.47265625 0.059375 0.2171875
2 0.07421875 0.4109375 0.05 0.0796875
2 0.35 0.41015625 0.0421875 0.0765625
2 0.73203125 0.396875 0.0203125 0.0375
2 0.62734375 0.390625 0.0265625 0.0453125
3 0.89765625 0.384375 0.034375 0.0390625
1 0.45234375 0.50078125 0.1 0.2765625
2 0.8421875 0.390625 0.0234375 0.0359375
2 0.7171875 0.390625 0.015625 0.028125
2 0.41875 0.3921875 0.0296875 0.046875
2 0.74375 0.40078125 0.0140625 0.034375
2 0.93515625 0.3890625 0.0140625 0.025
2 0.96953125 0.3875 0.0125 0.021875