1 0.765625 0.60859375 0.46875 0.7328125
1 0.49921875 0.5125 0.196875 0.3625
1 0.37890625 0.51328125 0.1625 0.290625
1 0.17734375 0.521875 0.103125 0.190625
1 0.0984375 0.53359375 0.0953125 0.1734375
2 0.809375 0.33125 0.0984375 0.1359375
2 0.75546875 0.36953125 0.090625 0.1296875
2 0.68515625 0.334375 0.0515625 0.075
2 0.4703125 0.3734375 0.046875 0.06875
3 0.88515625 0.2921875 0.065625 0.09375
1 0.6046875 0.41171875 0.121875 0.196875
2 0.60078125 0.33828125 0.025 0.0390625
2 0.36640625 0.4015625 0.03125 0.0515625
1 0.296875 0.5015625 0.1265625 0.234375
2 0.3140625 0.40390625 0.021875 0.034375
2 0.29765625 0.40859375 0.028125 0.0421875
2 0.1578125 0.45 0.021875 0.0328125
2 0.0796875 0.46953125 0.0234375 0.0328125
1 0.040625 0.53203125 0.08125 0.1421875
2 0.1390625 0.4609375 0.0203125 0.0296875
2 0.125 0.459375 0.0203125 0.0296875
2 0.27109375 0.41875 0.021875 0.0328125
3 0.4203125 0.378125 0.01875 0.0296875