1 0.290625 0.46640625 0.1203125 0.24921875
1 0.63046875 0.4921875 0.10390625 0.2671875
1 0.14140625 0.5703125 0.26484375 0.490625
1 0.76171875 0.57109375 0.175 0.4140625
2 0.14375 0.36640625 0.0453125 0.0828125
2 0.2859375 0.36796875 0.0265625 0.04609375
2 0.634375 0.3859375 0.02890625 0.05390625
2 0.77265625 0.3984375 0.0375 0.0703125
2 0.846875 0.39140625 0.01953125 0.0296875
1 0.84765625 0.4703125 0.0625 0.18515625
1 0.978125 0.43984375 0.04296875 0.125
2 0.01796875 0.36484375 0.03203125 0.0671875
2 0.04296875 0.36875 0.02734375 0.0546875