1 0.29453125 0.67109375 0.4421875 0.6578125
1 0.56953125 0.459375 0.1046875 0.196875
1 0.1390625 0.61875 0.246875 0.5
2 0.1609375 0.4203125 0.065625 0.09375
2 0.26953125 0.425 0.08125 0.1265625
2 0.3828125 0.3859375 0.0484375 0.075
2 0.7421875 0.35390625 0.025 0.0421875
2 0.88984375 0.34453125 0.0203125 0.034375
1 0.95390625 0.40078125 0.075 0.1703125
1 0.9015625 0.4171875 0.0828125 0.190625
1 0.75625 0.453125 0.1109375 0.246875
1 0.67890625 0.453125 0.1125 0.2125
1 0.43359375 0.52421875 0.21875 0.3796875
1 0.5234375 0.43828125 0.0734375 0.1546875
2 0.56015625 0.38203125 0.021875 0.0359375
2 0.95 0.33515625 0.01875 0.03125
2 0.409375 0.38984375 0.0359375 0.0640625
2 0.65078125 0.37109375 0.0234375 0.034375
2 0.77421875 0.34921875 0.01875 0.028125
2 0.515625 0.384375 0.01875 0.028125
2 0.66953125 0.37265625 0.0203125 0.0265625
2 0.6796875 0.3609375 0.01875 0.034375