1 0.3609375 0.5453125 0.275 0.4125
1 0.23125 0.6953125 0.4625 0.609375
1 0.46015625 0.45625 0.1375 0.2125
2 0.109375 0.50390625 0.1078125 0.1453125
2 0.31640625 0.39765625 0.0546875 0.0765625
2 0.16015625 0.40234375 0.0453125 0.0625
1 0.94765625 0.3234375 0.08125 0.1578125
1 0.8421875 0.3609375 0.125 0.190625
1 0.69765625 0.415625 0.14375 0.225
1 0.7578125 0.37265625 0.1078125 0.1859375
1 0.6296875 0.375 0.0703125 0.125
2 0.7390625 0.30390625 0.025 0.0359375
2 0.6765625 0.32890625 0.028125 0.0375
2 0.83046875 0.2875 0.021875 0.03125
2 0.85625 0.278125 0.021875 0.0296875
2 0.61171875 0.328125 0.015625 0.021875
2 0.43828125 0.37578125 0.025 0.034375