1 0.596875 0.453125 0.07890625 0.2
0 0.7296875 0.48359375 0.08671875 0.25
1 0.4 0.53046875 0.17421875 0.3625
1 0.27421875 0.4734375 0.13125 0.2890625
2 0.290625 0.35859375 0.02734375 0.05625
2 0.41640625 0.3796875 0.03359375 0.05859375
1 0.51171875 0.47265625 0.10234375 0.24453125
1 0.82890625 0.46796875 0.09765625 0.20546875
1 0.925 0.44921875 0.04921875 0.17109375
1 0.971875 0.440625 0.05625 0.1546875
1 0.66953125 0.4375 0.0515625 0.16171875
2 0.51015625 0.37578125 0.021875 0.03984375
2 0.596875 0.3703125 0.01953125 0.03125
2 0.8390625 0.38515625 0.0203125 0.0390625
2 0.67734375 0.37109375 0.01328125 0.0296875
2 0.9234375 0.37890625 0.015625 0.0265625
2 0.96171875 0.378125 0.015625 0.02890625
2 0.97734375 0.38515625 0.01953125 0.0265625
2 0.7875 0.38359375 0.015625 0.02734375
3 0.72890625 0.3765625 0.01953125 0.03515625