1 0.321875 0.590625 0.2609375 0.403125
1 0.59921875 0.48671875 0.14375 0.26875
1 0.175 0.58515625 0.2328125 0.353125
1 0.7515625 0.43203125 0.1015625 0.2
1 0.85625 0.428125 0.0984375 0.1921875
1 0.95 0.40703125 0.078125 0.1671875
2 0.30078125 0.440625 0.0515625 0.075
2 0.1265625 0.46953125 0.0515625 0.0875
2 0.1625 0.45546875 0.046875 0.06875
2 0.57734375 0.38125 0.028125 0.0421875
2 0.7359375 0.3546875 0.021875 0.034375
2 0.84140625 0.35234375 0.0203125 0.028125
2 0.94140625 0.3421875 0.01875 0.0296875
2 0.9671875 0.3359375 0.015625 0.025