1 0.7625 0.565625 0.3 0.5
1 0.53515625 0.51875 0.1875 0.35
1 0.35390625 0.51640625 0.134375 0.259375
1 0.26953125 0.5046875 0.08125 0.2015625
1 0.18515625 0.528125 0.0984375 0.225
1 0.07421875 0.5234375 0.0734375 0.1734375
1 0.903125 0.4859375 0.19375 0.41875
2 0.94140625 0.31953125 0.0546875 0.08125
2 0.72890625 0.3671875 0.0546875 0.08125
2 0.5359375 0.390625 0.0375 0.0625
2 0.34375 0.41484375 0.0265625 0.0453125
2 0.2609375 0.42265625 0.021875 0.0375
2 0.18828125 0.4390625 0.021875 0.0390625
2 0.175 0.44296875 0.01875 0.040625
2 0.15234375 0.44296875 0.01875 0.028125
2 0.06796875 0.45390625 0.01875 0.0296875
2 0.04609375 0.4515625 0.015625 0.021875