1 0.24609375 0.59296875 0.25234375 0.4765625
1 0.4671875 0.52265625 0.15390625 0.33515625
1 0.646875 0.50078125 0.10859375 0.24921875
1 0.7296875 0.48046875 0.06171875 0.196875
1 0.81640625 0.4953125 0.07578125 0.21796875
1 0.92578125 0.47890625 0.05625 0.16875
1 0.0875 0.52890625 0.17265625 0.403125
2 0.0421875 0.36640625 0.04609375 0.07734375
2 0.25859375 0.3921875 0.046875 0.07734375
2 0.453125 0.3953125 0.03203125 0.06015625
2 0.646875 0.39921875 0.021875 0.04296875
2 0.7296875 0.3984375 0.01796875 0.03515625
2 0.80390625 0.40703125 0.01796875 0.0375
2 0.8171875 0.409375 0.01484375 0.0390625
2 0.83984375 0.40703125 0.01640625 0.0265625
2 0.925 0.409375 0.01640625 0.02890625
2 0.94609375 0.4046875 0.0140625 0.02109375