1 0.83046875 0.50859375 0.240625 0.3953125
1 0.65234375 0.47421875 0.1640625 0.2953125
1 0.303125 0.56328125 0.25625 0.425
1 0.46171875 0.49609375 0.146875 0.3015625
1 0.0515625 0.47421875 0.071875 0.1640625
2 0.82421875 0.35078125 0.0453125 0.075
2 0.68671875 0.3640625 0.0328125 0.0546875
2 0.64921875 0.3609375 0.03125 0.05625
2 0.3015625 0.39375 0.0421875 0.0765625
1 0.15546875 0.471875 0.075 0.1984375
1 0.534375 0.46015625 0.10625 0.23125
1 0.21484375 0.4765625 0.084375 0.215625
2 0.5234375 0.36796875 0.0234375 0.0421875
2 0.45703125 0.37421875 0.03125 0.0515625
2 0.35703125 0.38203125 0.0203125 0.0359375
2 0.04375 0.4109375 0.01875 0.0328125
2 0.15234375 0.38984375 0.015625 0.028125
2 0.21171875 0.3890625 0.021875 0.0359375
2 0.27578125 0.38203125 0.0171875 0.03125