1 0.27578125 0.6671875 0.3765625 0.665625
1 0.5734375 0.4671875 0.0859375 0.190625
1 0.128125 0.58046875 0.1984375 0.484375
2 0.17109375 0.3859375 0.05625 0.0890625
2 0.278125 0.4015625 0.0703125 0.1203125
2 0.3953125 0.375 0.040625 0.071875
2 0.75625 0.3796875 0.021875 0.040625
2 0.90390625 0.3859375 0.0171875 0.0328125
1 0.96171875 0.4484375 0.0578125 0.1671875
1 0.90859375 0.46015625 0.065625 0.1859375
1 0.759375 0.4796875 0.0875 0.240625
1 0.6828125 0.471875 0.0921875 0.2046875
1 0.43125 0.5171875 0.1828125 0.365625
1 0.5296875 0.44140625 0.059375 0.1515625
2 0.571875 0.3890625 0.01875 0.034375
2 0.96484375 0.3828125 0.015625 0.0296875
2 0.421875 0.38046875 0.0296875 0.0609375
2 0.66328125 0.3875 0.0203125 0.0328125
2 0.78828125 0.37890625 0.015625 0.0265625
2 0.52734375 0.38671875 0.015625 0.0265625
2 0.68203125 0.39140625 0.01875 0.025
2 0.69296875 0.38046875 0.015625 0.0328125