1 0.21328125 0.51875 0.2015625 0.3609375
1 0.4296875 0.5640625 0.178125 0.39765625
1 0.5734375 0.509375 0.12265625 0.29921875
1 0.72109375 0.49453125 0.08828125 0.2265625
1 0.8609375 0.48671875 0.0703125 0.1984375
1 0.94609375 0.4765625 0.05234375 0.1671875
2 0.2109375 0.3703125 0.034375 0.06875
2 0.4375 0.40390625 0.0390625 0.07734375
2 0.5625 0.3953125 0.0296875 0.05234375
2 0.69921875 0.39453125 0.01953125 0.034375
2 0.72109375 0.4 0.021875 0.0375
1 0.77578125 0.47109375 0.04765625 0.175
2 0.771875 0.4 0.01640625 0.0328125
2 0.85078125 0.40390625 0.0171875 0.0328125
2 0.9453125 0.40859375 0.015625 0.02890625
1 0.98359375 0.46484375 0.0328125 0.1484375
2 0.9578125 0.4125 0.01171875 0.021875
2 0.86328125 0.4109375 0.01015625 0.03515625