1 0.0734375 0.45546875 0.14609375 0.2265625
1 0.4484375 0.54765625 0.1625 0.3609375
1 0.6984375 0.49375 0.0890625 0.253125
2 0.44453125 0.40078125 0.03515625 0.0640625
1 0.81328125 0.48125 0.07421875 0.23515625
1 0.96171875 0.4609375 0.0515625 0.1609375
2 0.7015625 0.38984375 0.02421875 0.04296875
2 0.8109375 0.384375 0.021875 0.0421875
2 0.0625 0.36484375 0.02890625 0.04609375
1 0.76015625 0.4625 0.0578125 0.18984375
2 0.76328125 0.38359375 0.015625 0.03125
2 0.846875 0.38828125 0.01953125 0.03828125
2 0.96640625 0.39453125 0.01484375 0.0265625
1 0.93125 0.446875 0.0390625 0.13671875
2 0.93671875 0.390625 0.0140625 0.0234375