1 0.221875 0.646875 0.34375 0.59296875
1 0.484375 0.54921875 0.165625 0.384375
1 0.65078125 0.50234375 0.11640625 0.24921875
1 0.8375 0.48359375 0.071875 0.190625
1 0.94140625 0.4765625 0.06171875 0.14765625
2 0.215625 0.40625 0.06015625 0.109375
1 0.3921875 0.5109375 0.16171875 0.31953125
2 0.3703125 0.38515625 0.0375 0.0640625
2 0.65078125 0.39921875 0.0234375 0.03828125
2 0.8328125 0.4109375 0.01875 0.03046875
3 0.4796875 0.390625 0.04921875 0.06953125
1 0.7921875 0.465625 0.0453125 0.1609375
2 0.7921875 0.4015625 0.01328125 0.02890625
2 0.80703125 0.403125 0.01484375 0.02890625