1 0.1234375 0.5390625 0.2203125 0.3625
1 0.61171875 0.5171875 0.128125 0.2890625
1 0.41875 0.5265625 0.159375 0.2953125
1 0.70859375 0.48671875 0.084375 0.196875
1 0.78671875 0.490625 0.0859375 0.2109375
1 0.8578125 0.47265625 0.071875 0.1796875
1 0.94453125 0.453125 0.0515625 0.1515625
2 0.1015625 0.3921875 0.0390625 0.059375
1 0.34765625 0.4765625 0.09375 0.209375
2 0.34921875 0.39375 0.0203125 0.040625
2 0.41484375 0.40625 0.028125 0.0484375
2 0.609375 0.3984375 0.0265625 0.053125
1 0.49609375 0.490625 0.1 0.2484375
2 0.46796875 0.3921875 0.0203125 0.04375
2 0.49453125 0.41015625 0.0203125 0.0390625
2 0.515625 0.41015625 0.0203125 0.0390625
2 0.6921875 0.40859375 0.01875 0.0359375
2 0.7078125 0.40859375 0.0171875 0.03125
2 0.7890625 0.40546875 0.0234375 0.0375
2 0.8546875 0.39765625 0.01875 0.0265625
2 0.9421875 0.390625 0.0140625 0.025