1 0.2265625 0.66953125 0.4125 0.6609375
1 0.503125 0.51171875 0.12890625 0.34296875
1 0.62109375 0.4875 0.1078125 0.27421875
1 0.8203125 0.45390625 0.0671875 0.18046875
1 0.9 0.44921875 0.06171875 0.16484375
2 0.1625 0.39921875 0.07421875 0.12265625
2 0.2234375 0.42578125 0.06796875 0.11796875
2 0.284375 0.3765625 0.0375 0.06875
2 0.503125 0.3703125 0.034375 0.0625
3 0.0796875 0.3765625 0.04921875 0.0859375
1 0.37890625 0.43515625 0.0859375 0.1828125
2 0.36796875 0.3625 0.0171875 0.03671875
2 0.61015625 0.37578125 0.021875 0.04765625
1 0.69921875 0.459375 0.08203125 0.221875
2 0.66171875 0.3671875 0.01484375 0.03203125
2 0.67890625 0.36875 0.02109375 0.0390625
2 0.82421875 0.3796875 0.015625 0.03046875
2 0.9046875 0.3828125 0.01796875 0.0296875
1 0.95625 0.4359375 0.05703125 0.13359375
2 0.84453125 0.38671875 0.0140625 0.028125
2 0.85859375 0.38203125 0.0140625 0.028125
2 0.70703125 0.37265625 0.015625 0.0296875
3 0.55234375 0.3640625 0.01328125 0.028125