1 0.48125 0.53984375 0.1484375 0.334375
1 0.6203125 0.49921875 0.09375 0.2125
1 0.2640625 0.53515625 0.1859375 0.33046875
1 0.7109375 0.51015625 0.09296875 0.2359375
1 0.80625 0.48828125 0.07265625 0.18984375
1 0.9046875 0.47421875 0.04765625 0.15625
1 0.9734375 0.484375 0.053125 0.15234375
2 0.26328125 0.4 0.03203125 0.06015625
1 0.3453125 0.496875 0.1125 0.27578125
2 0.315625 0.3859375 0.03203125 0.0515625
2 0.484375 0.40234375 0.03203125 0.06171875
2 0.71484375 0.415625 0.02734375 0.04765625
2 0.21875 0.384375 0.0234375 0.04375
2 0.3734375 0.40625 0.02578125 0.046875
2 0.4 0.4078125 0.0234375 0.0453125
2 0.60390625 0.41328125 0.025 0.0421875
2 0.621875 0.41484375 0.0203125 0.03828125
2 0.803125 0.409375 0.015625 0.03046875
2 0.90234375 0.4078125 0.01328125 0.025
2 0.984375 0.42109375 0.0140625 0.02421875