1 0.296875 0.53515625 0.19375 0.38671875
1 0.425 0.5765625 0.20625 0.4296875
1 0.69765625 0.5234375 0.10625 0.29296875
1 0.859375 0.49921875 0.0640625 0.1921875
1 0.9203125 0.4859375 0.05703125 0.14921875
2 0.3046875 0.375 0.03984375 0.071875
2 0.4265625 0.39765625 0.04296875 0.0734375
2 0.340625 0.43046875 0.03125 0.04921875
2 0.69375 0.396875 0.02578125 0.0453125
2 0.85625 0.41953125 0.01875 0.0296875
1 0.978125 0.48828125 0.04375 0.146875
2 0.9265625 0.421875 0.015625 0.0203125
2 0.98828125 0.425 0.0140625 0.02421875