1 0.1 0.53515625 0.2 0.3359375
0 0.5232127015625 0.9259218546874999 0.5370906734374999 0.8908717203125001 0.5470779546875 0.8436301343749999 0.5633496703125 0.835940621875 0.569607759375 0.8429122140624999 0.576470871875 0.864869084375 0.594905546875 0.8657626281249999 0.618122834375 0.84869316875 0.6378631890625 0.864510690625 0.6578557984375 0.859002009375 0.67786988125 0.8133895609374999 0.6835312453125 0.7489818625 0.672315871875 0.677278403125 0.6440934796875 0.6371392828125 0.6330396031250001 0.63184045 0.6258369 0.5898623453125 0.633204525 0.569166815625 0.64791830625 0.5678795265625001 0.645789990625 0.53548294375 0.6271377031250001 0.53210206875 0.6159272046875001 0.5330828609375 0.6129679546875 0.5396076812499999 0.6050431234375 0.5377946453125 0.5621630671875 0.435025515625 0.5671501218749999 0.4032596 0.5662055046875001 0.36825308749999996 0.55238365 0.33938592500000003 0.5287789515625 0.3439574359375 0.5227038296875001 0.363286703125 0.526777490625 0.40177901406250005 0.5279133734375 0.4066923703125 0.52285215625 0.41340109218750004 0.5079817531249999 0.42096800312499993 0.498429696875 0.47318425 0.494087184375 0.5688061640625001 0.5025477515625 0.633231534375 0.501642653125 0.6470957453125 0.5069346578125 0.659164596875 0.457671109375 0.66096823125 0.45304511875 0.6726516109375 0.454024378125 0.6838445921875 0.46012584375000004 0.6970958078125 0.443118828125 0.72866015 0.43390148906250003 0.728213378125 0.436887084375 0.7542690375000001 0.4296546109375 0.808788715625 0.4356950859375 0.8132729781249999 0.44026496249999997 0.8655069015624999 0.419898115625 0.8748078734375 0.4255643546875 0.88308443125 0.43462506875000007 0.889810825 0.442162490625 0.8791259140625 0.46024927499999996 0.9163922328125 0.48042485468749996 0.9371844125000001 0.5066755546875 0.9386473265624999 0.5232127015625 0.9259218546874999
1 0.63359375 0.48125 0.1078125 0.2203125
1 0.88671875 0.46953125 0.0875 0.209375
2 0.06953125 0.4109375 0.0390625 0.059375
1 0.51953125 0.5484375 0.246875 0.425
3 0.546875 0.3890625 0.053125 0.0953125
2 0.47421875 0.38046875 0.0421875 0.065625
1 0.43778031406249995 0.57075108125 0.4228656625 0.54997165625 0.41980598281250003 0.5374537046875 0.4559519609375 0.5389406640625001 0.432867446875 0.4921424 0.44296245624999997 0.4877722078125 0.4332466859375 0.466537940625 0.4192403015625 0.4561400328125 0.4018515640625 0.4669599953125 0.3860729984375 0.428821190625 0.388849840625 0.4006823046875 0.385229 0.37426547656250003 0.3651276859375 0.3690501296875 0.35734158125 0.3848416265625 0.3469881703125 0.3787734484375 0.336602625 0.3947923671875 0.3392265015625 0.42478341249999996 0.3290427953125 0.443109334375 0.327565675 0.47113450625000003 0.3291360171875 0.4965684 0.3303149046875 0.53249751875 0.3262704765625 0.5386630140625 0.3125224953125 0.5387034765625 0.310528565625 0.5458519093749999 0.316591359375 0.562756446875 0.311764021875 0.5899123953125 0.317277875 0.6080272890625 0.3146019515625 0.6373196734375 0.316002590625 0.638359465625 0.3171692609375 0.6591793515625 0.32171828125 0.6587813625 0.3288101734375 0.6500245859375 0.336285825 0.6830781484374999 0.350942071875 0.693419203125 0.365138075 0.69101488125 0.374817190625 0.6669214515624999 0.43564563749999996 0.651138675 0.4353872328125 0.6407003015625 0.43043453749999994 0.6364842828125 0.43760291406249996 0.5986625421875 0.43778031406249995 0.57075108125
2 0.3546875 0.4109375 0.0375 0.0703125
1 0.2836445109375 0.5081644984375 0.2310822140625 0.50891098125 0.23137992812500002 0.5185152421875 0.24936225781250002 0.525609271875 0.2465332421875 0.561488921875 0.2527068296875 0.563837896875 0.2543322453125 0.576215090625 0.2460518015625 0.5807916609375 0.2468043296875 0.5893931015625 0.25541923125 0.5886393953125 0.26178029375 0.61793683125 0.27227145468749997 0.63242746875 0.284535015625 0.6361697015625001 0.2952567734375 0.6284904546875001 0.3026542046875 0.6076196109375 0.3170246234375 0.604436303125 0.31921509531250003 0.598466475 0.313951140625 0.59411185625 0.3165761828125 0.5621021749999999 0.3103924734375 0.547234684375 0.31332535 0.5373477828125 0.3255052953125 0.5401343 0.3321235765625 0.528961934375 0.3299597296875 0.51663184375 0.3312773109375 0.5068862625 0.33052478281250003 0.498284821875 0.3220302421875 0.49421284062500004 0.3126159421875 0.47962799218749996 0.311853290625 0.458508034375 0.3173680875 0.46572979999999997 0.32764515156249996 0.4715718921875 0.33069838906250004 0.4568593015625 0.3228626375 0.4479145328125 0.31199015 0.42286391874999996 0.314337728125 0.40628700625 0.312963153125 0.3967769578125 0.3188858984375 0.396258784375 0.318792159375 0.382784553125 0.310919665625 0.3796211828125 0.3006426 0.37377909374999996 0.29128529375 0.378449875 0.288519646875 0.39024820937500004 0.295409015625 0.40698002187500004 0.2805470359375 0.4169475578125 0.2806711421875 0.4679773375 0.2836445109375 0.5081644984375
2 0.87734375 0.38515625 0.025 0.0390625
2 0.09921875 0.41875 0.0265625 0.0421875
2 0.11640625 0.41328125 0.0234375 0.0421875
2 0.30625 0.39765625 0.034375 0.0515625
2 0.37421875 0.40078125 0.034375 0.0640625
2 0.44453125 0.3875 0.0234375 0.0453125
1 0.959375 0.42109375 0.0578125 0.134375
2 0.63203125 0.3921875 0.0203125 0.0375
2 0.96328125 0.36796875 0.0140625 0.0234375