1 0.409375 0.496875 0.1265625 0.2828125
1 0.6421875 0.5140625 0.10859375 0.24765625
1 0.7328125 0.4921875 0.06953125 0.20625
1 0.8078125 0.50546875 0.0734375 0.21484375
1 0.86640625 0.490625 0.05546875 0.1828125
1 0.91640625 0.48046875 0.053125 0.15390625
0 0.96875 0.4828125 0.04375 0.1578125
3 0.97109375 0.41796875 0.02890625 0.03046875
2 0.40234375 0.37890625 0.0234375 0.0421875
2 0.63515625 0.40546875 0.02109375 0.03203125
2 0.81015625 0.41328125 0.01875 0.03046875
2 0.86328125 0.4109375 0.01640625 0.021875
2 0.91015625 0.41875 0.0140625 0.02421875
2 0.9234375 0.41953125 0.01328125 0.028125
2 0.7671875 0.41328125 0.01640625 0.03125