1 0.20078125 0.66328125 0.4015625 0.67265625
1 0.9296875 0.54140625 0.140625 0.34921875
1 0.68203125 0.484375 0.09765625 0.25
2 0.16328125 0.3453125 0.04140625 0.0640625
2 0.21640625 0.38671875 0.071875 0.115625
1 0.33203125 0.51640625 0.13046875 0.37265625
2 0.2984375 0.37109375 0.03671875 0.06953125
2 0.68671875 0.3828125 0.0234375 0.04921875
1 0.38671875 0.45390625 0.09765625 0.21015625
1 0.8765625 0.46328125 0.05625 0.17421875
2 0.94296875 0.39609375 0.0328125 0.0546875
2 0.8765625 0.390625 0.0171875 0.03046875
2 0.384375 0.3703125 0.01953125 0.0390625
1 0.05 0.478125 0.1 0.29140625
2 0.0140625 0.36328125 0.028125 0.0625