1 0.35390625 0.61171875 0.225 0.440625
1 0.6359375 0.4421875 0.084375 0.175
2 0.34765625 0.42890625 0.04375 0.078125
1 0.42421875 0.51171875 0.0890625 0.29375
2 0.40859375 0.39375 0.028125 0.05625
1 0.1953125 0.46953125 0.0515625 0.1984375
1 0.10625 0.46796875 0.05625 0.2015625
2 0.640625 0.371875 0.0171875 0.0328125
2 0.1078125 0.38671875 0.01875 0.03125
2 0.19609375 0.38828125 0.01875 0.034375
1 0.0671875 0.45546875 0.05 0.171875
2 0.06953125 0.3875 0.015625 0.03125
1 0.15625 0.4546875 0.05 0.1640625
2 0.15390625 0.3859375 0.0140625 0.025
1 0.0140625 0.43984375 0.028125 0.1265625