1 0.18984375 0.4625 0.2171875 0.3640625
1 0.47890625 0.6171875 0.3125 0.5359375
2 0.1890625 0.321875 0.04375 0.0703125
2 0.515625 0.4125 0.059375 0.0984375
1 0.40546875 0.4609375 0.1546875 0.2703125
2 0.41640625 0.35625 0.028125 0.05
1 0.921875 0.50390625 0.1203125 0.196875
1 0.771875 0.50234375 0.09375 0.2375
1 0.6640625 0.4640625 0.0890625 0.1890625
1 0.834375 0.4765625 0.06875 0.1546875
1 0.725 0.45625 0.0640625 0.15625
2 0.6046875 0.38828125 0.0203125 0.0359375
2 0.66953125 0.3875 0.0171875 0.0296875
2 0.73984375 0.3953125 0.015625 0.028125
3 0.77734375 0.40234375 0.0203125 0.034375
2 0.934375 0.4265625 0.0265625 0.034375
2 0.84375 0.415625 0.015625 0.0234375
2 0.88828125 0.409375 0.01875 0.0296875
2 0.95625 0.421875 0.0171875 0.028125