1 0.77734375 0.5359375 0.325 0.525
0 0.6609375 0.64453125 0.4171875 0.709375
1 0.415625 0.503125 0.1359375 0.2375
1 0.1640625 0.5515625 0.1140625 0.2359375
1 0.034375 0.53203125 0.06875 0.1703125
1 0.92109375 0.42734375 0.1578125 0.2703125
3 0.59375 0.3671875 0.0625 0.1125
2 0.78359375 0.33046875 0.0578125 0.0921875
2 0.73046875 0.346875 0.0640625 0.096875
2 0.95703125 0.32265625 0.034375 0.046875
2 0.1546875 0.4609375 0.03125 0.046875
2 0.01875 0.46953125 0.021875 0.03125
1 0.08203125 0.51015625 0.071875 0.1421875
2 0.93515625 0.32109375 0.03125 0.046875
2 0.39765625 0.41171875 0.021875 0.040625
2 0.07265625 0.4546875 0.0140625 0.025
2 0.040625 0.46484375 0.0125 0.0203125