1 0.7125 0.6890625 0.446875 0.621875
1 0.5375 0.5609375 0.2484375 0.3953125
1 0.34296875 0.46015625 0.1375 0.2375
1 0.20234375 0.425 0.125 0.228125
1 0.140625 0.3984375 0.09375 0.165625
1 0.09140625 0.3890625 0.09375 0.1734375
1 0.41796875 0.43828125 0.096875 0.1734375
1 0.275 0.4296875 0.1109375 0.2046875
2 0.834375 0.49296875 0.0984375 0.1359375
2 0.76953125 0.509375 0.08125 0.121875
1 0.48125 0.4765625 0.1359375 0.2296875
2 0.50546875 0.39296875 0.028125 0.040625
2 0.5921875 0.4234375 0.0453125 0.0671875
2 0.3609375 0.371875 0.028125 0.040625
2 0.4359375 0.375 0.01875 0.0296875
1 0.0375 0.36484375 0.0703125 0.1546875
2 0.5640625 0.42578125 0.0390625 0.06875
2 0.30390625 0.35 0.021875 0.0296875
2 0.22265625 0.33828125 0.0265625 0.040625
2 0.16328125 0.33828125 0.021875 0.03125
2 0.15078125 0.334375 0.01875 0.025
2 0.03828125 0.30390625 0.0171875 0.025
2 0.103125 0.32421875 0.0265625 0.0359375
2 0.80234375 0.44453125 0.040625 0.0640625