1 0.1484375 0.59375 0.296875 0.4625
1 0.43125 0.48828125 0.184375 0.3078125
1 0.6765625 0.44140625 0.1125 0.234375
2 0.0125 0.43125 0.025 0.05625
2 0.0828125 0.4296875 0.0546875 0.084375
2 0.38125 0.375 0.0359375 0.053125
2 0.40859375 0.3890625 0.0359375 0.0515625
1 0.51171875 0.440625 0.1140625 0.19375
1 0.7734375 0.41796875 0.09375 0.209375
1 0.91171875 0.38125 0.0828125 0.1765625
1 0.828125 0.39140625 0.0890625 0.1703125
1 0.2625 0.49296875 0.1453125 0.2515625
3 0.23515625 0.39921875 0.021875 0.040625
2 0.35390625 0.37890625 0.0328125 0.053125
2 0.49765625 0.36640625 0.025 0.0359375
2 0.66328125 0.3484375 0.025 0.0375
2 0.6890625 0.34453125 0.0203125 0.034375
2 0.76328125 0.3328125 0.0234375 0.0359375
2 0.88203125 0.31953125 0.01875 0.028125
2 0.9015625 0.31171875 0.021875 0.034375
2 0.82421875 0.32421875 0.01875 0.0296875
2 0.85078125 0.31328125 0.0140625 0.0203125