1 0.2203125 0.5828125 0.3375 0.553125
1 0.625 0.54609375 0.1578125 0.3390625
1 0.82734375 0.5375 0.0921875 0.2109375
1 0.8921875 0.52734375 0.065625 0.1609375
2 0.24296875 0.36484375 0.0609375 0.0921875
2 0.184375 0.33984375 0.0515625 0.0828125
1 0.33984375 0.47734375 0.1828125 0.3140625
2 0.34609375 0.35234375 0.0359375 0.0578125
2 0.63828125 0.4109375 0.0359375 0.059375
1 0.959375 0.53671875 0.0578125 0.153125
2 0.83203125 0.4484375 0.01875 0.0265625
2 0.946875 0.4640625 0.0171875 0.028125
2 0.90546875 0.45859375 0.0171875 0.0234375