1 0.8265625 0.69296875 0.346875 0.5453125
1 0.45703125 0.5234375 0.2171875 0.35
1 0.6625 0.55859375 0.259375 0.3515625
1 0.20859375 0.40546875 0.1109375 0.2046875
1 0.3140625 0.44609375 0.1375 0.234375
0 0.12734375 0.39921875 0.1171875 0.2390625
1 0.06484375 0.3625 0.1015625 0.165625
2 0.91328125 0.50078125 0.071875 0.0984375
2 0.4953125 0.3890625 0.0390625 0.053125
3 0.15546875 0.30859375 0.04375 0.046875
2 0.34453125 0.3609375 0.0296875 0.0453125
2 0.77890625 0.4546875 0.0375 0.0546875
2 0.6875 0.43046875 0.040625 0.0578125
2 0.3296875 0.36328125 0.0203125 0.0375
2 0.0765625 0.29921875 0.021875 0.0296875
2 0.23046875 0.328125 0.028125 0.0375
2 0.11171875 0.3015625 0.015625 0.021875