1 0.209375 0.68046875 0.41875 0.6390625
1 0.6390625 0.4875 0.1484375 0.2921875
1 0.88203125 0.51796875 0.2234375 0.3875
2 0.090625 0.45546875 0.0984375 0.128125
2 0.6203125 0.371875 0.028125 0.046875
2 0.8671875 0.36953125 0.04375 0.065625
1 0.81640625 0.40859375 0.0796875 0.1859375
2 0.809375 0.3359375 0.0203125 0.0328125
2 0.8953125 0.32265625 0.021875 0.03125
1 0.9515625 0.38203125 0.08125 0.16875
2 0.9390625 0.31796875 0.0203125 0.0328125
1 0.434375 0.44921875 0.1015625 0.178125
2 0.42578125 0.3828125 0.021875 0.0328125
2 0.85390625 0.325 0.015625 0.025