1 0.16171875 0.56171875 0.259375 0.378125
1 0.32265625 0.58046875 0.26875 0.434375
1 0.60703125 0.48828125 0.128125 0.2578125
1 0.73828125 0.4578125 0.103125 0.2296875
0 0.8359375 0.4640625 0.0984375 0.2578125
1 0.89453125 0.43125 0.0765625 0.18125
1 0.9546875 0.509375 0.090625 0.340625
2 0.30234375 0.41171875 0.046875 0.0734375
2 0.1671875 0.4140625 0.04375 0.0640625
2 0.5828125 0.390625 0.0296875 0.05
2 0.721875 0.36953125 0.028125 0.0484375
3 0.821875 0.3625 0.04375 0.046875
2 0.6 0.39296875 0.0203125 0.0390625
2 0.609375 0.38203125 0.01875 0.034375
2 0.97578125 0.36640625 0.0296875 0.0546875
2 0.88671875 0.359375 0.01875 0.03125