1 0.73671875 0.47578125 0.203125 0.35
1 0.4453125 0.53125 0.16875 0.2890625
1 0.259375 0.54921875 0.1171875 0.2546875
1 0.17265625 0.54140625 0.09375 0.209375
1 0.11953125 0.5359375 0.075 0.1671875
0 0.0546875 0.5453125 0.0625 0.1734375
1 0.328125 0.515625 0.1421875 0.2328125
2 0.72890625 0.33671875 0.0375 0.0609375
2 0.43671875 0.41484375 0.028125 0.0453125
3 0.03984375 0.47890625 0.0328125 0.034375
2 0.240625 0.446875 0.025 0.0390625
2 0.29453125 0.43515625 0.01875 0.03125
2 0.165625 0.4546875 0.0203125 0.03125
2 0.1171875 0.46875 0.0171875 0.028125