1 0.134375 0.57890625 0.26875 0.43515625
1 0.521875 0.5109375 0.1203125 0.2796875
1 0.71640625 0.47734375 0.07734375 0.203125
1 0.83671875 0.49375 0.07265625 0.18984375
1 0.93828125 0.4875 0.05 0.16484375
2 0.1375 0.4015625 0.05390625 0.0765625
2 0.51875 0.39375 0.02421875 0.04296875
2 0.7125 0.3921875 0.01640625 0.03203125
2 0.83515625 0.41171875 0.01640625 0.025
2 0.94140625 0.41875 0.015625 0.028125
1 0.98125 0.47578125 0.0375 0.15
2 0.99453125 0.4125 0.0109375 0.0203125
2 0.95546875 0.4171875 0.0125 0.02421875