1 0.3296875 0.55625 0.19375 0.39296875
1 0.103125 0.55078125 0.20625 0.38359375
1 0.62890625 0.51953125 0.1046875 0.25859375
1 0.75859375 0.490625 0.0765625 0.20546875
1 0.52421875 0.50859375 0.1109375 0.2375
1 0.86640625 0.59765625 0.16015625 0.3984375
2 0.0859375 0.39375 0.0390625 0.06484375
2 0.1265625 0.3765625 0.03515625 0.0625
2 0.3296875 0.3984375 0.0359375 0.071875
2 0.2765625 0.40390625 0.02734375 0.05234375
2 0.24375 0.40234375 0.028125 0.05
2 0.88828125 0.43359375 0.0390625 0.07734375
1 0.9453125 0.48359375 0.06328125 0.15859375
2 0.6328125 0.41484375 0.028125 0.04765625
2 0.75625 0.40546875 0.0203125 0.03359375
2 0.94609375 0.41953125 0.015625 0.0234375
2 0.5015625 0.4125 0.025 0.04453125
2 0.52578125 0.41015625 0.0234375 0.0421875
2 0.865625 0.40546875 0.01328125 0.0296875