1 0.71171875 0.503125 0.1625 0.265625
1 0.37265625 0.46953125 0.1484375 0.28125
1 0.83359375 0.63046875 0.3328125 0.5296875
1 0.2296875 0.52421875 0.24375 0.4375
2 0.87421875 0.43046875 0.059375 0.0890625
2 0.73359375 0.40703125 0.034375 0.05
2 0.3875 0.3640625 0.0375 0.0578125
2 0.24921875 0.35234375 0.0484375 0.075
2 0.17734375 0.3328125 0.025 0.0328125
1 0.1625 0.41015625 0.09375 0.19375
1 0.03984375 0.3578125 0.0640625 0.13125
2 0.98828125 0.45 0.0234375 0.071875
2 0.97265625 0.45 0.0359375 0.059375