1 0.30859375 0.55859375 0.19921875 0.3734375
1 0.6 0.50390625 0.1015625 0.2546875
1 0.16484375 0.52734375 0.17890625 0.3265625
1 0.759375 0.4765625 0.06875 0.19140625
1 0.86328125 0.49140625 0.0671875 0.18359375
1 0.959375 0.48671875 0.0515625 0.1609375
2 0.3140625 0.40703125 0.040625 0.06875
2 0.1375 0.40546875 0.03828125 0.08203125
2 0.175 0.39765625 0.03671875 0.06328125
2 0.596875 0.396875 0.02109375 0.0390625
2 0.7578125 0.39765625 0.0171875 0.03203125
2 0.86171875 0.4140625 0.015625 0.0265625
2 0.9625 0.42109375 0.01484375 0.02734375
2 0.98828125 0.41953125 0.01171875 0.02265625