1 0.92109375 0.42578125 0.1578125 0.2359375
1 0.5546875 0.54375 0.1875 0.371875
1 0.3015625 0.5078125 0.10625 0.259375
2 0.5484375 0.396875 0.0390625 0.065625
1 0.1859375 0.503125 0.090625 0.2390625
1 0.03671875 0.49296875 0.0625 0.1640625
2 0.29140625 0.40390625 0.0265625 0.0453125
2 0.18203125 0.40625 0.025 0.04375
2 0.92734375 0.334375 0.0328125 0.0484375
1 0.2375 0.48046875 0.0703125 0.19375
2 0.22890625 0.40234375 0.0171875 0.0328125
2 0.14609375 0.4125 0.021875 0.0390625
2 0.02734375 0.42734375 0.0171875 0.028125
1 0.06640625 0.47734375 0.0484375 0.1390625
2 0.05703125 0.42109375 0.015625 0.025