1 0.3484375 0.4828125 0.1546875 0.259375
1 0.46171875 0.4734375 0.1046875 0.225
1 0.59453125 0.5 0.1109375 0.26875
1 0.7109375 0.48671875 0.0765625 0.19375
0 0.78125 0.59765625 0.1953125 0.4625
1 0.90859375 0.52734375 0.1375 0.3
2 0.353125 0.37890625 0.025 0.046875
2 0.26171875 0.38203125 0.0203125 0.034375
2 0.2765625 0.37890625 0.0171875 0.0359375
3 0.809375 0.4015625 0.0328125 0.06875
2 0.921875 0.41484375 0.025 0.053125
2 0.89609375 0.4015625 0.025 0.0421875
2 0.5875 0.40078125 0.0265625 0.0421875
2 0.46328125 0.38359375 0.0203125 0.0390625
2 0.95625 0.425 0.0171875 0.034375
2 0.98046875 0.41484375 0.0140625 0.0234375
2 0.721875 0.40625 0.0171875 0.0359375