1 0.76875 0.67890625 0.4078125 0.6375
1 0.1234375 0.53125 0.1671875 0.390625
1 0.4296875 0.49609375 0.1453125 0.325
1 0.5421875 0.46640625 0.125 0.2390625
1 0.1984375 0.44921875 0.090625 0.20625
1 0.8453125 0.50859375 0.11875 0.321875
2 0.82890625 0.3828125 0.040625 0.0640625
2 0.76640625 0.42734375 0.0734375 0.1171875
1 0.65625 0.51796875 0.1984375 0.3421875
2 0.66171875 0.3875 0.0390625 0.0671875
2 0.11875 0.37421875 0.0390625 0.0671875
2 0.4328125 0.36796875 0.03125 0.0546875
2 0.55078125 0.37265625 0.0234375 0.0421875
2 0.590625 0.3703125 0.0171875 0.0265625
2 0.57109375 0.36796875 0.021875 0.04375
2 0.20078125 0.36875 0.021875 0.0375
1 0.040625 0.428125 0.0671875 0.15
2 0.0359375 0.3671875 0.015625 0.025
2 0.7609375 0.36484375 0.025 0.040625