1 0.2625 0.50859375 0.159375 0.33046875
1 0.55859375 0.5234375 0.13125 0.27421875
1 0.7453125 0.51484375 0.08359375 0.24609375
1 0.8296875 0.4953125 0.065625 0.2015625
1 0.88203125 0.4828125 0.053125 0.1609375
0 0.94765625 0.4828125 0.0390625 0.16953125
1 0.67265625 0.49140625 0.1125 0.21953125
2 0.25078125 0.3703125 0.03046875 0.0578125
2 0.55078125 0.40703125 0.02265625 0.0421875
3 0.95234375 0.41484375 0.028125 0.03125
2 0.74921875 0.41171875 0.0203125 0.03671875
2 0.69453125 0.40703125 0.01484375 0.0296875
2 0.825 0.40859375 0.0171875 0.02890625
2 0.875 0.415625 0.0140625 0.02578125