1 0.12734375 0.5359375 0.2546875 0.428125
1 0.43359375 0.47734375 0.140625 0.28984375
1 0.68359375 0.46953125 0.07890625 0.225
2 0.02421875 0.3546875 0.0296875 0.05234375
2 0.09921875 0.365625 0.0421875 0.07890625
2 0.40234375 0.3578125 0.02890625 0.04921875
2 0.42734375 0.37578125 0.028125 0.0484375
1 0.52109375 0.44296875 0.0859375 0.1828125
1 0.7828125 0.46171875 0.06328125 0.20234375
1 0.925 0.446875 0.05703125 0.1703125
1 0.84140625 0.44375 0.0640625 0.1625
1 0.26640625 0.45625 0.109375 0.23671875
3 0.25390625 0.35859375 0.01640625 0.03828125
2 0.37421875 0.3578125 0.02578125 0.04921875
2 0.51875 0.36796875 0.01953125 0.0328125
2 0.68515625 0.37578125 0.01953125 0.03515625
2 0.7109375 0.37578125 0.01484375 0.0328125
2 0.7859375 0.37578125 0.01875 0.0328125
2 0.90546875 0.38125 0.01484375 0.02578125
2 0.92578125 0.3765625 0.01640625 0.03203125
2 0.84765625 0.37734375 0.0140625 0.02734375
2 0.87578125 0.3703125 0.0109375 0.01953125