1 0.17421875 0.58671875 0.34765625 0.54296875
1 0.70625 0.4796875 0.09453125 0.25859375
1 0.55234375 0.4875 0.1125 0.27578125
1 0.8546875 0.5671875 0.16484375 0.37734375
2 0.1515625 0.3640625 0.05625 0.10234375
2 0.86796875 0.4140625 0.03984375 0.075
2 0.70546875 0.3734375 0.02421875 0.03984375
2 0.01484375 0.365625 0.0296875 0.07734375
2 0.26015625 0.3625 0.02734375 0.046875
1 0.3375 0.503125 0.14765625 0.328125
2 0.31640625 0.371875 0.034375 0.06640625
1 0.47734375 0.4703125 0.09140625 0.24140625
2 0.4828125 0.3734375 0.021875 0.04140625
2 0.52578125 0.3625 0.01796875 0.03046875
2 0.5625 0.3734375 0.02578125 0.04375
2 0.609375 0.36796875 0.0171875 0.03515625
1 0.6546875 0.453125 0.0578125 0.190625
2 0.66484375 0.375 0.01484375 0.03203125
2 0.8875 0.38515625 0.01640625 0.03359375