1 0.10703125 0.4984375 0.19609375 0.31953125
1 0.2734375 0.521875 0.18828125 0.3453125
1 0.4828125 0.48046875 0.1390625 0.2265625
1 0.71640625 0.4875 0.084375 0.2234375
1 0.79140625 0.475 0.07265625 0.1734375
0 0.93515625 0.56484375 0.1296875 0.39375
2 0.09296875 0.36796875 0.03671875 0.05390625
2 0.26953125 0.37578125 0.03203125 0.05703125
2 0.4890625 0.38671875 0.021875 0.03828125
1 0.4 0.45390625 0.07265625 0.17421875
2 0.715625 0.40234375 0.02109375 0.0328125
3 0.9734375 0.39921875 0.0296875 0.0609375
1 0.56640625 0.46640625 0.065625 0.19765625
2 0.553125 0.384375 0.01484375 0.03359375
2 0.6671875 0.38828125 0.01484375 0.034375
2 0.68203125 0.38984375 0.01484375 0.03125
2 0.3921875 0.3875 0.0171875 0.03125
2 0.80390625 0.40546875 0.01640625 0.03046875