1 0.87734375 0.55 0.2453125 0.4375
1 0.446875 0.49296875 0.109375 0.2484375
1 0.26484375 0.51640625 0.09375 0.2265625
2 0.89609375 0.36875 0.0453125 0.071875
2 0.44765625 0.3921875 0.025 0.0421875
2 0.265625 0.421875 0.021875 0.0359375
1 0.12890625 0.51328125 0.071875 0.19375
1 0.03671875 0.49453125 0.0609375 0.1421875
2 0.12578125 0.434375 0.0171875 0.034375
1 0.0859375 0.50078125 0.05625 0.1703125
2 0.08828125 0.428125 0.0140625 0.0234375
1 0.16015625 0.49140625 0.04375 0.153125
2 0.1484375 0.43125 0.0140625 0.0296875
2 0.040625 0.4375 0.0140625 0.025
2 0.00546875 0.4359375 0.0109375 0.021875