1 0.19140625 0.48046875 0.3625 0.4890625
1 0.58359375 0.50703125 0.1546875 0.2578125
1 0.734375 0.57109375 0.1578125 0.278125
1 0.95390625 0.59609375 0.0921875 0.1671875
1 0.8875 0.5796875 0.1 0.1828125
1 0.81640625 0.56796875 0.1328125 0.2296875
1 0.33984375 0.46640625 0.215625 0.31875
2 0.240625 0.30390625 0.059375 0.08125
2 0.33515625 0.33984375 0.04375 0.0578125
2 0.36796875 0.3578125 0.040625 0.0609375
2 0.60546875 0.4109375 0.0328125 0.0484375
2 0.7625 0.46875 0.0359375 0.053125
2 0.8359375 0.48515625 0.03125 0.0453125
1 0.1078125 0.39921875 0.2046875 0.3203125
2 0.159375 0.2875 0.0453125 0.0609375
2 0.80390625 0.46953125 0.0265625 0.0375
2 0.9765625 0.53515625 0.021875 0.0296875
2 0.909375 0.5109375 0.0234375 0.0328125
2 0.39140625 0.3453125 0.034375 0.0515625
3 0.20859375 0.29140625 0.0234375 0.0359375