1 0.1203125 0.5640625 0.2390625 0.42890625
1 0.553125 0.49140625 0.1015625 0.2453125
1 0.7359375 0.5078125 0.0859375 0.22421875
2 0.09921875 0.3828125 0.0421875 0.07109375
2 0.5484375 0.390625 0.0234375 0.04140625
2 0.73125 0.4140625 0.02109375 0.03515625
1 0.87109375 0.5 0.06484375 0.1921875
1 0.9625 0.478125 0.05546875 0.13984375
2 0.871875 0.42109375 0.015625 0.03359375
1 0.9140625 0.4859375 0.05 0.16875
2 0.90859375 0.4140625 0.01328125 0.0234375
1 0.8390625 0.4796875 0.03828125 0.1515625
2 0.84921875 0.41875 0.01328125 0.02890625
2 0.95703125 0.421875 0.0125 0.02421875
2 0.99296875 0.41953125 0.0125 0.021875