1 0.36171875 0.5328125 0.18515625 0.36953125
1 0.571875 0.509375 0.128125 0.27109375
1 0.7703125 0.50234375 0.07578125 0.2328125
1 0.696875 0.48671875 0.078125 0.215625
1 0.09921875 0.6015625 0.1984375 0.5203125
1 0.90859375 0.48203125 0.06484375 0.18515625
2 0.03125 0.38828125 0.0609375 0.09609375
2 0.340625 0.39140625 0.03671875 0.06484375
2 0.571875 0.39765625 0.02421875 0.046875
2 0.3765625 0.37890625 0.02734375 0.05
2 0.59921875 0.39296875 0.01875 0.0390625
2 0.6921875 0.3984375 0.01875 0.0375
2 0.76015625 0.4046875 0.01875 0.03515625
2 0.775 0.41015625 0.0140625 0.03984375
1 0.81875 0.475 0.0484375 0.16796875
2 0.81484375 0.40703125 0.015625 0.0296875
1 0.96953125 0.55625 0.0609375 0.315625
2 0.90703125 0.4078125 0.02109375 0.03515625
2 0.98828125 0.4265625 0.0234375 0.053125