1 0.16328125 0.5390625 0.21328125 0.37890625
1 0.496875 0.49296875 0.11875 0.26875
1 0.67578125 0.51796875 0.10703125 0.2859375
1 0.853125 0.4796875 0.0640625 0.18359375
1 0.76484375 0.490625 0.084375 0.23359375
1 0.9375 0.478125 0.06015625 0.171875
2 0.1140625 0.3859375 0.04140625 0.06484375
2 0.1703125 0.39765625 0.03828125 0.06484375
1 0.240625 0.48515625 0.11328125 0.27578125
2 0.21015625 0.37421875 0.03046875 0.05234375
2 0.49609375 0.38125 0.02421875 0.04453125
2 0.6796875 0.4 0.0265625 0.0453125
2 0.75703125 0.39765625 0.02578125 0.04296875
2 0.8546875 0.40390625 0.0171875 0.03046875
2 0.93671875 0.409375 0.0203125 0.03125
1 0.03984375 0.4671875 0.0796875 0.23125
2 0.05546875 0.38359375 0.02421875 0.04296875
2 0.72421875 0.390625 0.01875 0.03359375
2 0.8046875 0.4 0.015625 0.03515625
3 0.0296875 0.36953125 0.0203125 0.0359375