1 0.359375 0.603125 0.2875 0.465625
1 0.7640625 0.58515625 0.19453125 0.4046875
2 0.36171875 0.41953125 0.053125 0.09140625
2 0.3203125 0.37265625 0.025 0.04296875
1 0.6609375 0.525 0.11328125 0.29921875
2 0.671875 0.40234375 0.03046875 0.0515625
2 0.74765625 0.41875 0.04140625 0.07265625
1 0.8859375 0.49296875 0.08671875 0.20546875
2 0.9046875 0.40703125 0.0171875 0.03203125
2 0.925 0.40546875 0.015625 0.02890625
2 0.7734375 0.4453125 0.03359375 0.0625
1 0.97421875 0.471875 0.05078125 0.1546875
2 0.98515625 0.40703125 0.0140625 0.02421875