1 0.5796875 0.51015625 0.128125 0.2984375
1 0.31875 0.57578125 0.2125 0.42578125
1 0.74765625 0.49453125 0.08671875 0.26015625
1 0.8453125 0.46171875 0.05703125 0.16171875
1 0.9203125 0.4640625 0.05 0.171875
1 0.98046875 0.45625 0.0390625 0.146875
2 0.3140625 0.39765625 0.03671875 0.06953125
2 0.584375 0.38828125 0.03046875 0.053125
1 0.690625 0.46640625 0.0625 0.20859375
2 0.70625 0.38125 0.02265625 0.03828125
2 0.7453125 0.38515625 0.02578125 0.040625
2 0.90234375 0.390625 0.0140625 0.02421875
2 0.92109375 0.3921875 0.01640625 0.028125
2 0.98828125 0.39609375 0.01328125 0.0234375
2 0.784375 0.38359375 0.0203125 0.0421875
2 0.83359375 0.3921875 0.01328125 0.021875
2 0.8453125 0.396875 0.01328125 0.01953125