1 0.32421875 0.4640625 0.1484375 0.275
1 0.471875 0.6125 0.3875 0.5546875
1 0.8171875 0.6171875 0.3390625 0.46875
2 0.8546875 0.4515625 0.0625 0.084375
2 0.53203125 0.41640625 0.0765625 0.1046875
2 0.34453125 0.35859375 0.0296875 0.0453125
1 0.165625 0.38359375 0.078125 0.171875
1 0.07734375 0.36953125 0.084375 0.1796875
1 0.121875 0.36796875 0.078125 0.159375
2 0.090625 0.29765625 0.021875 0.028125
2 0.1265625 0.303125 0.0171875 0.028125
2 0.1765625 0.3171875 0.0203125 0.0328125
1 0.0375 0.34765625 0.0625 0.15625