1 0.87421875 0.4296875 0.2515625 0.41875
1 0.53046875 0.51796875 0.2109375 0.3203125
1 0.17265625 0.65859375 0.2453125 0.3890625
1 0.3265625 0.5609375 0.15625 0.2796875
1 0.21484375 0.5640625 0.115625 0.2296875
2 0.875 0.26953125 0.05 0.071875
2 0.5078125 0.39921875 0.0421875 0.05625
2 0.12578125 0.51640625 0.0515625 0.06875
2 0.2984375 0.45390625 0.0359375 0.0515625
2 0.5265625 0.3859375 0.028125 0.0453125
2 0.196875 0.471875 0.025 0.03125
2 0.146875 0.49296875 0.0203125 0.028125
3 0.05078125 0.5109375 0.034375 0.034375
1 0.040625 0.5828125 0.08125 0.15625
2 0.15625 0.48828125 0.015625 0.021875
1 0.39453125 0.51953125 0.165625 0.259375
2 0.028125 0.5234375 0.0234375 0.03125