1 0.70234375 0.5390625 0.2 0.390625
1 0.5734375 0.578125 0.2140625 0.4328125
1 0.30234375 0.5203125 0.1109375 0.2953125
1 0.140625 0.49296875 0.0671875 0.19375
1 0.0796875 0.47890625 0.059375 0.15
2 0.69765625 0.378125 0.040625 0.071875
2 0.575 0.39921875 0.04375 0.0734375
2 0.6609375 0.43359375 0.0328125 0.05
2 0.3078125 0.39375 0.0265625 0.0453125
2 0.1453125 0.41328125 0.01875 0.0296875
1 0.02265625 0.4796875 0.0453125 0.146875
2 0.075 0.4140625 0.015625 0.0203125
2 0.01328125 0.41640625 0.0140625 0.025