1 0.82734375 0.48125 0.3296875 0.4890625
1 0.328125 0.5328125 0.1484375 0.2875
1 0.50703125 0.47578125 0.1359375 0.225
1 0.0796875 0.62421875 0.159375 0.3421875
1 0.246875 0.5125 0.1 0.1984375
1 0.12734375 0.553125 0.1 0.2109375
2 0.04765625 0.496875 0.0453125 0.071875
2 0.30546875 0.42109375 0.0328125 0.0453125
2 0.11015625 0.47421875 0.0234375 0.0390625
2 0.8453125 0.2953125 0.06875 0.1
1 0.68671875 0.453125 0.209375 0.321875
2 0.671875 0.33515625 0.040625 0.0625
2 0.8078125 0.3109375 0.0625 0.0875
1 0.38828125 0.50546875 0.128125 0.2375
2 0.51328125 0.3828125 0.021875 0.03125
2 0.4890625 0.390625 0.028125 0.040625
2 0.23359375 0.43671875 0.025 0.0359375
2 0.02109375 0.50234375 0.040625 0.0625
2 0.3859375 0.41171875 0.028125 0.0359375
2 0.36640625 0.42109375 0.0234375 0.03125
2 0.34921875 0.4140625 0.0234375 0.0375
3 0.52578125 0.37421875 0.015625 0.025
2 0.003125 0.49375 0.00625 0.021875