1 0.36484375 0.61015625 0.3109375 0.4796875
1 0.76796875 0.57109375 0.215625 0.4140625
2 0.3578125 0.4265625 0.0578125 0.09375
2 0.3140625 0.38203125 0.0265625 0.04375
1 0.66171875 0.51640625 0.128125 0.3046875
2 0.66640625 0.39375 0.0328125 0.053125
2 0.74296875 0.40625 0.0453125 0.075
1 0.88515625 0.47265625 0.096875 0.209375
2 0.89921875 0.3859375 0.01875 0.0328125
2 0.91953125 0.38359375 0.0171875 0.0296875
2 0.7703125 0.43125 0.0375 0.0640625
1 0.97109375 0.44609375 0.0578125 0.1578125
2 0.9796875 0.38203125 0.015625 0.025