1 0.13671875 0.5671875 0.2734375 0.45625
1 0.415625 0.52421875 0.1734375 0.315625
1 0.6890625 0.5140625 0.1046875 0.275
1 0.81171875 0.57109375 0.1703125 0.36875
2 0.090625 0.3921875 0.0484375 0.0859375
1 0.2265625 0.49296875 0.1796875 0.2984375
2 0.20859375 0.37578125 0.0359375 0.0578125
2 0.41640625 0.39375 0.0296875 0.053125
2 0.7890625 0.425 0.0375 0.071875
1 0.61953125 0.49375 0.0734375 0.240625
2 0.621875 0.39609375 0.021875 0.0390625
1 0.5140625 0.4890625 0.0921875 0.240625
2 0.50234375 0.3921875 0.0234375 0.0453125
2 0.67578125 0.40234375 0.021875 0.04375
2 0.6921875 0.41015625 0.0171875 0.0484375
1 0.8796875 0.47578125 0.065625 0.18125
1 0.96953125 0.4671875 0.0609375 0.1375
2 0.1140625 0.378125 0.0421875 0.071875
2 0.76640625 0.40078125 0.0171875 0.025
2 0.84296875 0.396875 0.0140625 0.0265625
2 0.87578125 0.40234375 0.0171875 0.0359375
2 0.96484375 0.41171875 0.0140625 0.0265625
2 0.815625 0.4421875 0.034375 0.0703125