1 0.0921875 0.540625 0.184375 0.40234375
1 0.30703125 0.5734375 0.21796875 0.4203125
1 0.45 0.49375 0.11171875 0.2453125
1 0.61484375 0.50390625 0.096875 0.23359375
1 0.77109375 0.5 0.08359375 0.22734375
1 0.89375 0.4859375 0.05703125 0.171875
1 0.8359375 0.48125 0.0578125 0.16015625
1 0.9578125 0.4765625 0.05859375 0.15390625
1 0.54453125 0.46171875 0.0734375 0.171875
2 0.0515625 0.37421875 0.0375 0.06875
2 0.27421875 0.4046875 0.04296875 0.08359375
2 0.615625 0.40546875 0.02109375 0.03828125
2 0.44609375 0.390625 0.02109375 0.03671875
2 0.30546875 0.41171875 0.03671875 0.07578125
2 0.32578125 0.39140625 0.0296875 0.059375
2 0.5421875 0.39140625 0.0140625 0.03046875
1 0.6875 0.48125 0.0921875 0.20234375
2 0.67578125 0.39765625 0.01953125 0.0328125
2 0.96015625 0.4140625 0.01484375 0.0265625
2 0.89921875 0.41875 0.01953125 0.0328125
2 0.8265625 0.41796875 0.0171875 0.03046875
2 0.83984375 0.41640625 0.0125 0.025
2 0.771875 0.403125 0.01953125 0.0328125
2 0.7 0.41171875 0.01640625 0.0296875