1 0.25390625 0.675 0.5078125 0.65
1 0.91171875 0.45078125 0.1765625 0.3703125
1 0.675 0.446875 0.146875 0.2640625
2 0.13828125 0.41875 0.053125 0.071875
2 0.19921875 0.4484375 0.09375 0.128125
1 0.3390625 0.55078125 0.2046875 0.3921875
2 0.27578125 0.415625 0.05 0.075
2 0.65859375 0.346875 0.0328125 0.053125
1 0.3796875 0.478125 0.1390625 0.2265625
1 0.8609375 0.3859375 0.090625 0.1828125
2 0.91171875 0.30625 0.04375 0.0609375
2 0.8453125 0.31484375 0.0234375 0.0328125
2 0.36015625 0.396875 0.0265625 0.0421875
1 0.0671875 0.571875 0.134375 0.30625
2 0.0078125 0.46640625 0.015625 0.0671875