1 0.86484375 0.6109375 0.2703125 0.403125
1 0.625 0.60390625 0.2984375 0.4421875
1 0.10078125 0.43515625 0.1875 0.29375
2 0.9046875 0.46484375 0.0515625 0.071875
2 0.6671875 0.44453125 0.053125 0.0796875
1 0.490625 0.4640625 0.13125 0.221875
2 0.50703125 0.38203125 0.028125 0.0421875
2 0.11796875 0.32421875 0.0375 0.05625
1 0.198049425 0.3433896625 0.20402519843750003 0.3125992765625 0.18359210312500002 0.307881925 0.175095465625 0.347138134375 0.1588324546875 0.36851633437500003 0.1475404796875 0.3659093765625 0.1414496515625 0.37757226093749996 0.14509030625 0.381428709375 0.1527070203125 0.4073146671875 0.1422618390625 0.42802539375000004 0.156586065625 0.4273111515625 0.166555940625 0.43564475468749997 0.1606854625 0.4463531984375 0.1509193734375 0.48129508125 0.15448105625 0.500212984375 0.14734112500000002 0.5066071015625 0.15721398749999999 0.51290768125 0.1557602671875 0.54373675 0.1704988703125 0.5461341125 0.190022765625 0.498365309375 0.1999565578125 0.47250995625 0.1953901375 0.46039727656249996 0.20540289843749998 0.41948046874999995 0.20058980625 0.41334271562499997 0.20335734374999997 0.398901965625 0.2106206109375 0.38952038437500003 0.20875103906249998 0.3559134484375 0.198049425 0.3433896625
2 0.18984375 0.32890625 0.028125 0.040625
2 0.09921875 0.3125 0.021875 0.03125