1 0.1953125 0.57109375 0.271875 0.3859375
1 0.5203125 0.6171875 0.3921875 0.565625
2 0.146875 0.4390625 0.053125 0.075
2 0.484375 0.4125 0.0734375 0.1046875
1 0.39765625 0.49609375 0.1953125 0.2859375
2 0.371875 0.39375 0.0359375 0.0515625
1 0.89765625 0.359375 0.15 0.209375
1 0.75625 0.409375 0.13125 0.24375
1 0.64140625 0.41015625 0.1171875 0.196875
1 0.80625 0.3640625 0.0921875 0.159375
1 0.69609375 0.38203125 0.0890625 0.159375
2 0.56015625 0.359375 0.025 0.0375
2 0.62109375 0.33671875 0.021875 0.03125
2 0.68984375 0.31953125 0.0203125 0.0296875
3 0.72734375 0.3140625 0.025 0.0375
2 0.88359375 0.2828125 0.03125 0.0375
2 0.79453125 0.303125 0.01875 0.025
2 0.83359375 0.28203125 0.021875 0.03125
2 0.9015625 0.2703125 0.021875 0.0296875