1 0.7078125 0.47109375 0.1765625 0.303125
1 0.88125 0.471875 0.2375 0.40625
1 0.3052507875 0.5162130109375 0.301915865625 0.5251088234375 0.3128773296875 0.5447767234375 0.310422190625 0.5713739015625 0.31562588125 0.5942694484375 0.3209549203125 0.59742095 0.3233393140625 0.5887621296875001 0.332438178125 0.623231003125 0.3454099046875 0.6388135421875 0.3601350296875 0.64320648125 0.370443190625 0.6298839375 0.3712460609375 0.6189313265624999 0.3793336296875 0.6088505453125 0.40097739062500004 0.6106224390625 0.40636910156250006 0.60390191875 0.4019440625 0.5942527703125 0.39655235 0.600973290625 0.392119240625 0.5993904828125001 0.38686094843749996 0.578300621875 0.37320362500000004 0.561992984375 0.36884126093749997 0.5424718171875 0.3943963390625 0.5396843640625 0.4225380703125 0.537148021875 0.4329473609375 0.52828044375 0.4021420625 0.5019117 0.3923879859375 0.489111053125 0.40025714843750004 0.4862530125 0.4005847546875 0.47541890000000003 0.39609704375 0.475641775 0.3899812796875 0.46731021093749997 0.39421213125 0.4599830890625 0.390060096875 0.44130551562500003 0.38329719375 0.44657584375 0.3833356484375 0.46090282812499994 0.3687662546875 0.45915917031250003 0.3454094578125 0.4282452 0.343322284375 0.40367658281249996 0.3299298953125 0.386406853125 0.3196298078125 0.3916630609375 0.3176580046875 0.41007540625 0.3250822875 0.4297291890625 0.3199393640625 0.45162029062500003 0.324378640625 0.4997954328125 0.32367689843749997 0.5152030078125 0.3052507875 0.5162130109375
2 0.3328125 0.4109375 0.0359375 0.0484375
1 0.55795270625 0.7744701921875 0.5657120390625 0.766330125 0.6063855546875 0.7499836296875 0.6605160734375 0.7315230140625 0.6787855828125 0.74310208125 0.6934947046875 0.7319881453125 0.7053017296874999 0.698017078125 0.69767393125 0.647793128125 0.6828694578125 0.6080461515625 0.65919360625 0.591609584375 0.6567985328125 0.573590396875 0.627447371875 0.5287826890625 0.6143152421875 0.4985474703125 0.6184161984375 0.492560628125 0.6150826953124999 0.462364515625 0.60221953125 0.45564294375000003 0.602779825 0.48032504375 0.5888914203125 0.4751001828125 0.5814990453125 0.48190766875 0.57686015625 0.4408672171875 0.56347878125 0.44048029843750003 0.5648486140625 0.45999619999999997 0.55616203125 0.44478675 0.544388553125 0.4452400265625 0.5370409031250001 0.40735712812499997 0.5272646359375 0.3849728265625 0.5115526359375 0.37523828125 0.49304506249999996 0.382334915625 0.48900855312499997 0.3969933203125 0.4924176828125 0.42468839531249997 0.493798696875 0.4330316984375 0.4854455265625 0.45000745468750003 0.4816247171875 0.46833535 0.48767816406250003 0.4842013140625 0.4955216625 0.5380947546875 0.5043259546875001 0.581819921875 0.48728620781250004 0.5835862296875 0.4520413953125 0.5824450296875 0.45013098906250004 0.5916089765625 0.451500821875 0.6111248765624999 0.46778430000000004 0.6343689265625 0.465322140625 0.6833853171875 0.46999457187499993 0.690907978125 0.4630868640625 0.7248986000000001 0.4640897421875 0.7457470828125 0.47733104375 0.7399634765624999 0.480569196875 0.7192986765625 0.49112145781249994 0.770034565625 0.510836428125 0.7986284984375 0.53247298125 0.8068858890625 0.5504735234375 0.794951309375 0.55795270625 0.7744701921875
1 0.47086183281249994 0.6335918703125001 0.4535132828125 0.6124152125 0.45040961562500004 0.5907471656250001 0.4562461578125 0.5841915249999999 0.485392115625 0.5881455609375 0.5067329546875 0.5838447796875 0.49884027499999994 0.54296905625 0.49375884374999995 0.5156736078125 0.4877542 0.5100301359375 0.481830096875 0.483964875 0.4906551765625 0.49400556093750003 0.49090381718750004 0.48578288281250004 0.4845445921875 0.4741073078125 0.483844621875 0.4528600359375 0.47046079062499996 0.43375511875 0.47437253906250004 0.4286994703125 0.4757930328125 0.390602140625 0.46949596875 0.3768708953125 0.449432921875 0.3655518078125 0.4348864296875 0.3671384828125 0.44182130624999993 0.4041726703125 0.4471605671875 0.4140623828125 0.44817134062499997 0.4250313078125 0.4407645828125 0.43911904531249996 0.4464746375 0.4989004921875 0.42089286875000004 0.53690139375 0.3922166234375 0.544051184375 0.3812089171875 0.5529162249999999 0.3924630921875 0.5980542578125 0.4045345421875 0.607285534375 0.41475254375 0.6067780703125 0.41286233906250003 0.633771571875 0.4207296171875 0.6399707218749999 0.4323475640625 0.6819578 0.44398389062500004 0.705578759375 0.461696209375 0.7236044609375 0.47212826406249997 0.6893808109374999 0.4669662921875 0.68250715 0.4679078859375 0.6424890546875 0.47247582499999996 0.642370225 0.47086183281249994 0.6335918703125001
2 0.39140625 0.4015625 0.034375 0.0453125
2 0.45703125 0.3984375 0.05 0.075
2 0.6828125 0.35390625 0.040625 0.0515625
2 0.515625 0.41796875 0.065625 0.09375
2 0.840625 0.32578125 0.0484375 0.071875
2 0.87578125 0.309375 0.0265625 0.0359375
2 0.896875 0.303125 0.021875 0.0296875
2 0.8703125 0.34453125 0.0328125 0.0515625