1 0.8421875 0.44140625 0.2859375 0.4140625
1 0.62734375 0.434375 0.1578125 0.24375
1 0.43359375 0.49453125 0.153125 0.26875
1 0.28515625 0.51015625 0.1140625 0.2421875
1 0.1296875 0.51953125 0.096875 0.2015625
2 0.87421875 0.28125 0.0515625 0.084375
2 0.83359375 0.309375 0.0484375 0.071875
1 0.053125 0.52421875 0.084375 0.1765625
1 0.21171875 0.503125 0.0921875 0.1953125
2 0.61875 0.34375 0.03125 0.046875
1 0.33828125 0.475 0.0953125 0.19375
2 0.41640625 0.3890625 0.0296875 0.0453125
2 0.3828125 0.39375 0.0234375 0.0390625
2 0.32734375 0.4 0.021875 0.0328125
2 0.26875 0.4140625 0.0265625 0.0375
2 0.1171875 0.44140625 0.021875 0.0359375
2 0.18046875 0.4328125 0.0203125 0.0328125
2 0.1984375 0.4296875 0.0234375 0.0390625
2 0.1390625 0.4359375 0.0171875 0.028125
2 0.0390625 0.45546875 0.0171875 0.0296875