1 0.85625 0.52265625 0.2875 0.4765625
1 0.58671875 0.51328125 0.2 0.3296875
1 0.3140625 0.53671875 0.128125 0.28125
1 0.19921875 0.60859375 0.2015625 0.38125
2 0.89375 0.34296875 0.05625 0.0890625
1 0.77109375 0.459375 0.2046875 0.3125
2 0.77421875 0.34140625 0.040625 0.0609375
2 0.5703125 0.384375 0.0328125 0.05625
2 0.20390625 0.46015625 0.04375 0.075
1 0.38046875 0.50859375 0.09375 0.2453125
2 0.36640625 0.41171875 0.0265625 0.040625
1 0.48515625 0.490625 0.1125 0.246875
2 0.48515625 0.39296875 0.0265625 0.046875
2 0.3140625 0.42421875 0.025 0.0453125
2 0.2984375 0.434375 0.0203125 0.0484375
1 0.1203125 0.521875 0.0796875 0.1859375
1 0.03203125 0.52421875 0.0640625 0.1421875
2 0.86796875 0.33203125 0.0484375 0.075
2 0.2234375 0.434375 0.01875 0.0265625
2 0.146875 0.43984375 0.0171875 0.028125
2 0.11484375 0.4484375 0.0203125 0.0359375
2 0.028125 0.46875 0.0171875 0.028125
2 0.1796875 0.48125 0.040625 0.0734375