1 0.3578125 0.4984375 0.26875 0.403125
1 0.5671875 0.5265625 0.190625 0.29375
1 0.76171875 0.56796875 0.1296875 0.24375
1 0.69453125 0.534375 0.128125 0.228125
1 0.12265625 0.5015625 0.2453125 0.553125
1 0.90078125 0.58125 0.1078125 0.1953125
2 0.071875 0.278125 0.0828125 0.1078125
2 0.371875 0.35625 0.0515625 0.071875
2 0.59453125 0.41796875 0.034375 0.0515625
2 0.409375 0.35234375 0.0390625 0.0546875
2 0.621875 0.4203125 0.028125 0.0421875
2 0.7109375 0.44765625 0.0265625 0.040625
2 0.77578125 0.4703125 0.0265625 0.0390625
2 0.78828125 0.4796875 0.0234375 0.0421875
1 0.815625 0.553125 0.0875 0.175
2 0.828125 0.4859375 0.021875 0.0328125
1 0.93671875 0.66796875 0.1265625 0.3203125
2 0.9171875 0.509375 0.0296875 0.0390625
2 0.98671875 0.54609375 0.0265625 0.0578125