1 0.246875 0.6578125 0.371875 0.615625
1 0.4796875 0.54140625 0.16875 0.3515625
1 0.68984375 0.5171875 0.0984375 0.2609375
1 0.778125 0.5 0.0765625 0.1921875
0 0.9171875 0.5046875 0.05 0.203125
1 0.9703125 0.4859375 0.0515625 0.1390625
2 0.26484375 0.41015625 0.065625 0.10625
2 0.48984375 0.39921875 0.0328125 0.0609375
3 0.91953125 0.42109375 0.0328125 0.0328125
2 0.69375 0.4046875 0.0234375 0.034375
1 0.8765625 0.49375 0.05625 0.171875
2 0.884375 0.425 0.0203125 0.03125
2 0.975 0.4296875 0.0140625 0.025
2 0.77421875 0.4203125 0.01875 0.0328125
2 0.7578125 0.4125 0.015625 0.0234375
2 0.2265625 0.37578125 0.0328125 0.0515625