1 0.7453125 0.68671875 0.478125 0.6265625
1 0.12265625 0.48515625 0.2109375 0.403125
1 0.43046875 0.4875 0.1828125 0.3359375
1 0.54609375 0.471875 0.1515625 0.2484375
1 0.20703125 0.4125 0.1140625 0.2125
1 0.84140625 0.55078125 0.1546875 0.3296875
2 0.84140625 0.4234375 0.0484375 0.06875
2 0.7734375 0.46015625 0.0859375 0.1234375
1 0.653125 0.53671875 0.2375 0.359375
2 0.67421875 0.4078125 0.046875 0.0703125
2 0.13671875 0.32890625 0.046875 0.0703125
2 0.44921875 0.3609375 0.0375 0.0578125
2 0.565625 0.3796875 0.028125 0.0453125
2 0.60546875 0.38203125 0.0203125 0.028125
2 0.58671875 0.37734375 0.0265625 0.0453125
2 0.21953125 0.3328125 0.025 0.0390625
1 0.053125 0.37265625 0.084375 0.15625
2 0.05546875 0.31171875 0.01875 0.0265625
2 0.77578125 0.39765625 0.0296875 0.0421875