1 0.4484375 0.471875 0.128125 0.27578125
1 0.1578125 0.5203125 0.23125 0.3640625
2 0.15234375 0.37109375 0.0421875 0.0640625
2 0.03125 0.36875 0.0359375 0.0609375
2 0.43984375 0.359375 0.02421875 0.05078125
1 0.659375 0.48203125 0.10546875 0.25
2 0.675 0.37734375 0.0234375 0.04140625
1 0.59375 0.4578125 0.0921875 0.21640625
2 0.596875 0.36796875 0.01875 0.03828125
1 0.734375 0.45625 0.0703125 0.18515625
2 0.73359375 0.38046875 0.0171875 0.0296875
2 0.76953125 0.37734375 0.01484375 0.0265625
2 0.86796875 0.3765625 0.01640625 0.028125
1 0.94453125 0.44296875 0.05390625 0.1609375
2 0.94921875 0.3765625 0.01484375 0.02734375
1 0.8359375 0.4640625 0.06015625 0.2015625
3 0.8328125 0.37890625 0.01484375 0.0296875
2 0.05390625 0.36875 0.025 0.0546875