1 0.20078125 0.5765625 0.2796875 0.45
1 0.58203125 0.48046875 0.1078125 0.246875
1 0.74453125 0.4953125 0.10625 0.2671875
1 0.96484375 0.45078125 0.0671875 0.159375
1 0.89296875 0.45625 0.065625 0.1765625
1 0.821875 0.46640625 0.0921875 0.2203125
1 0.3375 0.5171875 0.1609375 0.2984375
2 0.1921875 0.39375 0.0453125 0.075
2 0.29375 0.39921875 0.034375 0.053125
2 0.33046875 0.40546875 0.0296875 0.0578125
2 0.57265625 0.3828125 0.0234375 0.0453125
2 0.73984375 0.3890625 0.028125 0.0484375
2 0.81484375 0.38203125 0.0234375 0.0421875
1 0.09609375 0.525 0.146875 0.303125
2 0.11015625 0.403125 0.034375 0.05625
2 0.7796875 0.37734375 0.0203125 0.0359375
2 0.9640625 0.38671875 0.015625 0.0265625
2 0.89296875 0.38359375 0.0171875 0.03125
2 0.34921875 0.38671875 0.025 0.0484375
3 0.15859375 0.3921875 0.0171875 0.034375