1 0.221875 0.66484375 0.37578125 0.61875
1 0.87421875 0.55078125 0.146875 0.38359375
1 0.5703125 0.5 0.12890625 0.31796875
1 0.459375 0.4640625 0.11328125 0.2328125
1 0.80390625 0.46484375 0.08046875 0.20234375
1 0.1546875 0.490625 0.1015625 0.3171875
2 0.17734375 0.365625 0.0375 0.0625
2 0.2375 0.41328125 0.0671875 0.1140625
1 0.34296875 0.509375 0.18203125 0.3328125
2 0.34453125 0.37890625 0.0359375 0.065625
2 0.8875 0.39453125 0.0359375 0.06484375
2 0.57421875 0.371875 0.02890625 0.053125
2 0.45625 0.3703125 0.021875 0.04140625
2 0.41640625 0.365625 0.015625 0.02578125
2 0.4359375 0.3640625 0.0203125 0.0421875
2 0.80546875 0.384375 0.01953125 0.0359375
1 0.9625 0.45234375 0.059375 0.14765625
2 0.9703125 0.39140625 0.0140625 0.02421875
2 0.24609375 0.3515625 0.0234375 0.0390625