1 0.3984375 0.465625 0.103125 0.2078125
0 0.2703125 0.51171875 0.1171875 0.259375
1 0.603125 0.51796875 0.2171875 0.38125
1 0.72109375 0.44609375 0.165625 0.303125
2 0.690625 0.334375 0.034375 0.059375
2 0.56796875 0.3703125 0.040625 0.0625
1 0.48515625 0.47421875 0.13125 0.2546875
1 0.16953125 0.50859375 0.121875 0.215625
1 0.071875 0.5015625 0.0703125 0.1765625
1 0.03046875 0.49765625 0.0609375 0.1609375
1 0.32421875 0.45859375 0.0703125 0.1671875
2 0.475 0.378125 0.0265625 0.0421875
2 0.38828125 0.3828125 0.0234375 0.0328125
2 0.14921875 0.42734375 0.025 0.040625
2 0.30859375 0.39375 0.0171875 0.03125
2 0.06484375 0.43125 0.01875 0.028125
2 0.0265625 0.43515625 0.01875 0.03125
2 0.0125 0.44453125 0.021875 0.028125
2 0.20078125 0.41953125 0.01875 0.0296875
3 0.2578125 0.40546875 0.0234375 0.0375