1 0.85546875 0.4609375 0.2890625 0.425
0 0.1234375 0.6453125 0.2390625 0.434375
1 0.23984375 0.52578125 0.1046875 0.1890625
1 0.31953125 0.5234375 0.13125 0.2453125
1 0.5546875 0.46796875 0.1875 0.2578125
2 0.8359375 0.30546875 0.0515625 0.075
2 0.53046875 0.37578125 0.0296875 0.0484375
2 0.30625 0.4359375 0.028125 0.0421875
1 0.03046875 0.56796875 0.0609375 0.1546875
3 0.065625 0.47890625 0.0390625 0.0609375
1 0.63359375 0.42890625 0.103125 0.1875
2 0.00859375 0.509375 0.0171875 0.028125
1 0.45859375 0.475 0.10625 0.2109375
2 0.4546875 0.39296875 0.025 0.0390625
2 0.628125 0.3578125 0.025 0.034375
2 0.340625 0.4140625 0.0234375 0.0390625
2 0.32734375 0.41953125 0.0234375 0.0359375
2 0.21328125 0.45703125 0.021875 0.0359375