1 0.51015625 0.54296875 0.2140625 0.3578125
1 0.3828125 0.47421875 0.1359375 0.228125
1 0.7234375 0.58359375 0.25 0.3625
1 0.29140625 0.46640625 0.140625 0.25
1 0.203125 0.425 0.1109375 0.2015625
1 0.109375 0.390625 0.0796875 0.1625
1 0.040625 0.3859375 0.08125 0.159375
2 0.75234375 0.4515625 0.04375 0.065625
1 0.65234375 0.52890625 0.1671875 0.29375
2 0.70390625 0.4265625 0.0421875 0.0578125
2 0.5359375 0.4078125 0.04375 0.0671875
2 0.30703125 0.37265625 0.0359375 0.0515625
2 0.79921875 0.4453125 0.03125 0.0484375
2 0.64296875 0.434375 0.034375 0.0515625
2 0.6171875 0.43046875 0.0328125 0.0484375
2 0.41640625 0.39375 0.0328125 0.046875
2 0.3984375 0.39140625 0.028125 0.0421875
2 0.22265625 0.3484375 0.021875 0.0328125
2 0.12578125 0.3265625 0.01875 0.0265625
2 0.04296875 0.321875 0.01875 0.0265625