1 0.10234375 0.5203125 0.2046875 0.3828125
1 0.47421875 0.52421875 0.14921875 0.29453125
1 0.8546875 0.58125 0.16875 0.3609375
1 0.6828125 0.5203125 0.1 0.26328125
1 0.7921875 0.4984375 0.06875 0.21953125
2 0.0828125 0.36015625 0.0359375 0.06484375
2 0.46953125 0.40390625 0.03125 0.05078125
2 0.86875 0.43203125 0.03828125 0.06171875
2 0.6859375 0.41015625 0.02578125 0.046875
2 0.4484375 0.39453125 0.01875 0.04296875
2 0.7890625 0.4046875 0.01875 0.02734375
2 0.8421875 0.4140625 0.015625 0.02578125
3 0.93984375 0.409375 0.02890625 0.028125
1 0.96796875 0.47734375 0.053125 0.1484375
2 0.83203125 0.4109375 0.01171875 0.0203125
1 0.60703125 0.4953125 0.1140625 0.2390625
2 0.96484375 0.41640625 0.0171875 0.02734375