1 0.7640625 0.690625 0.471875 0.61875
1 0.36328125 0.4734375 0.175 0.296875
1 0.1234375 0.478125 0.246875 0.396875
2 0.91171875 0.4984375 0.1078125 0.134375
2 0.39375 0.36015625 0.0328125 0.0484375
2 0.1484375 0.33203125 0.0484375 0.06875
1 0.1953125 0.3765625 0.096875 0.1875
2 0.209375 0.3046875 0.021875 0.034375
2 0.12578125 0.28203125 0.025 0.0328125
1 0.06328125 0.33515625 0.096875 0.1703125
2 0.08203125 0.2734375 0.0234375 0.034375
1 0.5703125 0.45703125 0.1171875 0.1828125
2 0.5859375 0.39140625 0.025 0.034375
2 0.16640625 0.2890625 0.01875 0.0265625