0 0.74765625 0.575 0.1890625 0.42734375
1 0.553125 0.46953125 0.11796875 0.25703125
1 0.4375 0.44453125 0.09921875 0.21640625
3 0.75625 0.3984375 0.04609375 0.0671875
2 0.546875 0.3609375 0.02265625 0.04296875
2 0.43515625 0.36328125 0.0203125 0.03828125
1 0.93046875 0.43984375 0.0609375 0.1734375
2 0.93359375 0.36875 0.01640625 0.03203125
1 0.67109375 0.40625 0.03671875 0.11328125
1 0.98046875 0.4328125 0.0390625 0.134375
2 0.4171875 0.35703125 0.01640625 0.0390625
2 0.8375 0.3484375 0.0140625 0.025
2 0.990625 0.3765625 0.0140625 0.02265625
1 0.89921875 0.41640625 0.03203125 0.11015625