1 0.82265625 0.5609375 0.3546875 0.56875
1 0.39765625 0.6234375 0.3078125 0.490625
2 0.82734375 0.35546875 0.0765625 0.1140625
1 0.6958572703125 0.704640215625 0.7114906953125 0.6702474625 0.7072108125 0.65036984375 0.7320981109375 0.61572086875 0.7289885625 0.5805065515625001 0.745557096875 0.529443090625 0.7383685515625 0.5238332015625 0.7426311046875 0.4776905875 0.7406976640625 0.449146315625 0.74882131875 0.4380855 0.756342640625 0.4587670515625 0.758878415625 0.45556895468749997 0.780254715625 0.4669300734375 0.785607375 0.4577333421875 0.7632786328125001 0.39702270156249997 0.7399230015625 0.3612518609375 0.7268481359375001 0.3002849953125 0.6870157484375 0.30730851875 0.7019265 0.3830820046875 0.7173821453125 0.3872341828125 0.7078128218749999 0.4384389765625 0.6954150625 0.4516289203125 0.6982261703125 0.4236235421875 0.693711065625 0.40241191406250004 0.6832351921875001 0.40013263749999994 0.6802405296875 0.44467620312499995 0.6617385546875 0.46719539218749995 0.6705335390625 0.508284640625 0.6686633171875 0.541626053125 0.6476197921875 0.54533659375 0.6357900296875 0.5749322046875001 0.6335469203125 0.61934325 0.640414240625 0.6538949703125 0.656300215625 0.6868564593750001 0.67861740625 0.7035536140625 0.6958572703125 0.704640215625
2 0.7140625 0.34140625 0.053125 0.08125
2 0.64296875 0.346875 0.0359375 0.0515625
2 0.39296875 0.43203125 0.0578125 0.0859375
2 0.365625 0.4625 0.0515625 0.0734375
2 0.09375 0.47890625 0.0265625 0.040625
1 0.0421875 0.55703125 0.084375 0.1703125
2 0.071875 0.48203125 0.0203125 0.03125
2 0.02734375 0.49140625 0.0203125 0.028125