1 0.29140625 0.521875 0.1109375 0.284375
1 0.11484375 0.5671875 0.16875 0.378125
1 0.65517093125 0.36863402968750003 0.6488033484375 0.3512456328125 0.6375376265625 0.3486373734375 0.6287209734375 0.36863402968750003 0.6326394859375 0.3929777875 0.6174552515625 0.4286240015625 0.603740459375 0.43384052031250003 0.6003117609374999 0.41992980468749996 0.5924747375 0.4164521234375 0.59296455 0.43557936093749994 0.5988423187499999 0.44166530000000004 0.59492380625 0.45122891875000004 0.59051548125 0.4520983390625 0.593454365625 0.4625313765625 0.601781203125 0.4634007984375 0.5954136203125 0.4781809359375 0.5719025484375 0.5112188921875 0.5841478984374999 0.5173048296875 0.612067296875 0.51295773125 0.6375376265625 0.5094800515625 0.6380274406249999 0.5294767078125 0.6287209734375 0.5486039453125 0.6287209734375 0.57033944375 0.6248024625 0.5729477015625 0.6179450656250001 0.5677311828125 0.6159858093749999 0.5781642234375 0.6228432046875 0.5833807421875 0.64341539375 0.57642538125 0.6537014890624999 0.5842501609374999 0.6571301859374999 0.5946832 0.670355165625 0.6051162375 0.68358014375 0.5972914578124999 0.692396796875 0.5790336421875 0.6928866109375 0.5433874265624999 0.6972949359375 0.55121220625 0.7017032624999999 0.5468651062500001 0.7012134484375 0.52339076875 0.692396796875 0.4981775921875 0.6982745640625 0.4764420953125 0.6928866109375 0.4686173171875 0.6747634921875 0.47209499531250004 0.670355165625 0.45731485781250003 0.6630079546875 0.40949676406249996 0.6527218609375 0.3895001078125 0.65517093125 0.36863402968750003
2 0.640625 0.3734375 0.025 0.04375
1 0.5719067765625 0.70808383125 0.5800480109375 0.72735141875 0.5942951703125 0.7297598671875 0.590224553125 0.7092880546875 0.5752989578125 0.677978225 0.5780127015625001 0.66954865625 0.5637655421875001 0.6225839125 0.5739420859375 0.5960909796875 0.5705499046875 0.5768233921875 0.5664792875 0.5683938234375 0.532557478125 0.5780276171875001 0.515596575 0.5804360640625 0.5135612671875001 0.5358797703125 0.5081337765625 0.48168968124999995 0.5101690859375 0.46483054218750003 0.5020278515625 0.44797140156250004 0.489816 0.4335207125 0.48913756406250003 0.42509114375 0.4857453828125 0.3973939875 0.47828258593750006 0.3841475203125 0.4586079359375 0.3817390734375 0.4457176484375 0.3949855375 0.44164703125000004 0.4190700234375 0.443682340625 0.4576051953125 0.4321489265625 0.4600136453125 0.42739987187499995 0.4768727828125 0.424007690625 0.4576051953125 0.4111174046875 0.46121786875000004 0.41654489375 0.5021614921875 0.4077252234375 0.4973445953125 0.395513371875 0.5057741640625 0.3900858828125 0.48168968124999995 0.3792309046875 0.491323475 0.383301521875 0.5214290796875 0.3887290109375 0.5262459765624999 0.383301521875 0.5587600296875 0.36566218125 0.6093374453125 0.3676974890625 0.6274008078125 0.3487012765625 0.6490768453125 0.3439522234375 0.6912246921875 0.3487012765625 0.7418021078125 0.3683759265625 0.7719077125 0.3853368296875 0.7791330578125 0.4002624265625 0.76347814375 0.45725106406249993 0.7682950421875 0.5006709781249999 0.7743161625 0.5101690859375 0.7803372828125 0.5223809359375 0.7984006453125 0.5427340218750001 0.8056259921875 0.5617302328125 0.7923795250000001 0.5739420859375 0.7598654703125 0.5719067765625 0.70808383125
1 0.59126081875 0.7076959265625 0.6040861953125 0.68592066875 0.6096624453125 0.6601862703125 0.6107776953124999 0.6166357515625001 0.616911571875 0.6087174765625 0.6085471953125 0.5829830796875 0.6185844453125 0.5810035109375 0.6280640734375 0.5691260953125 0.6280640734375 0.5226062234375 0.6152386953125 0.5166675171875 0.5856845671875 0.5166675171875 0.5516694359375001 0.4859841953125 0.5427474359375 0.42659712499999997 0.532152559375 0.4147197109375 0.530479684375 0.40383208125000003 0.5332678093750001 0.3929444515625 0.531037309375 0.3553326390625 0.5165390578125 0.3573122109375 0.49981030468750004 0.3731487625 0.4970221796875 0.3879955296875 0.50761705625 0.42461755625000003 0.51263568125 0.42857669375 0.5042713046875 0.4503519546875 0.50873230625 0.47113742968750005 0.5053865546874999 0.48400462656250004 0.50761705625 0.49192290468750005 0.5137509312499999 0.4800454890625 0.5143085562499999 0.5067696703125 0.50984755625 0.5136981625 0.51152043125 0.5414121296875 0.5137509312499999 0.5829830796875 0.535498309375 0.58199329375 0.5628219390625 0.5711056640625001 0.5700710640625 0.5760545875 0.5723015640625 0.5978298453125 0.5605914375000001 0.6225744609375 0.5611490640625 0.6314825203125001 0.5656100640624999 0.6304927359375 0.576204940625 0.66909433125 0.572859190625 0.6770126078125001 0.59126081875 0.7076959265625
2 0.58125 0.378125 0.025 0.040625
2 0.5171875 0.39140625 0.034375 0.06875
2 0.2875 0.40234375 0.03125 0.046875
2 0.46484375 0.42421875 0.046875 0.084375
2 0.12734375 0.41328125 0.034375 0.065625
2 0.0890625 0.40625 0.01875 0.0328125
2 0.0671875 0.4046875 0.015625 0.0265625
2 0.103125 0.4390625 0.021875 0.0484375