1 0.13984375 0.559375 0.24921875 0.4203125
1 0.3828125 0.62734375 0.27578125 0.51796875
1 0.70234375 0.50078125 0.10703125 0.23671875
1 0.85625 0.4796875 0.06640625 0.17890625
1 0.97109375 0.47421875 0.0578125 0.1453125
0 0.5625 0.5421875 0.1390625 0.35703125
2 0.378125 0.4140625 0.04921875 0.09609375
2 0.103125 0.39453125 0.0453125 0.084375
2 0.13984375 0.4015625 0.04140625 0.06953125
2 0.70234375 0.40234375 0.02109375 0.0375
2 0.44296875 0.38828125 0.03671875 0.0609375
3 0.553125 0.39765625 0.05 0.0640625
2 0.85234375 0.4109375 0.0171875 0.028125
2 0.678125 0.40078125 0.0171875 0.03359375
2 0.415625 0.38828125 0.021875 0.040625
2 0.81875 0.403125 0.0140625 0.02734375
2 0.83203125 0.4046875 0.0140625 0.02890625
2 0.98515625 0.41640625 0.0140625 0.025