1 0.1921875 0.57265625 0.253125 0.325
0 0.64453125 0.590625 0.35625 0.5796875
1 0.4703125 0.5265625 0.2125 0.325
1 0.3578125 0.51484375 0.1703125 0.2640625
1 0.9 0.39765625 0.1046875 0.20625
2 0.16484375 0.45625 0.04375 0.059375
2 0.42109375 0.41484375 0.04375 0.059375
2 0.3421875 0.41875 0.0328125 0.046875
2 0.1390625 0.471875 0.0328125 0.040625
2 0.4375 0.4046875 0.0375 0.0578125
2 0.878125 0.31953125 0.025 0.0375
3 0.6171875 0.3625 0.0578125 0.090625
2 0.47109375 0.3875 0.025 0.0421875
2 0.48984375 0.38671875 0.0296875 0.0421875