1 0.41015625 0.509375 0.1640625 0.2984375
1 0.64296875 0.49375 0.1421875 0.2609375
1 0.7296875 0.46015625 0.096875 0.2140625
1 0.80546875 0.4625 0.103125 0.2234375
1 0.86171875 0.43984375 0.0796875 0.1890625
1 0.909375 0.42265625 0.0734375 0.159375
0 0.96171875 0.41796875 0.065625 0.1625
3 0.95546875 0.353125 0.0328125 0.034375
2 0.38671875 0.39375 0.0296875 0.0453125
2 0.6203125 0.3875 0.025 0.034375
2 0.7953125 0.37109375 0.0234375 0.0328125
2 0.84765625 0.3609375 0.01875 0.0234375
2 0.89453125 0.3625 0.0171875 0.0265625
2 0.9078125 0.36171875 0.0171875 0.0296875
2 0.75234375 0.3765625 0.0203125 0.0328125