1 0.68984375 0.5796875 0.275 0.4203125
1 0.55546875 0.59140625 0.296875 0.465625
1 0.30234375 0.478125 0.16875 0.309375
1 0.15 0.41875 0.10625 0.2015625
1 0.09375 0.39140625 0.0890625 0.1578125
2 0.71875 0.421875 0.0546875 0.0796875
2 0.59453125 0.4171875 0.0578125 0.08125
2 0.67109375 0.46796875 0.0421875 0.0546875
2 0.334375 0.35625 0.0359375 0.05
2 0.17109375 0.34140625 0.025 0.0328125
1 0.03671875 0.38125 0.0734375 0.153125
2 0.1015625 0.328125 0.0203125 0.0234375
2 0.04140625 0.3171875 0.01875 0.0265625