1 0.65859375 0.49609375 0.21875 0.378125
1 0.45703125 0.475 0.1578125 0.2765625
1 0.26796875 0.49375 0.096875 0.2125
1 0.8390625 0.51953125 0.321875 0.5421875
2 0.8265625 0.3125 0.0625 0.096875
2 0.66171875 0.34375 0.0453125 0.06875
1 0.18046875 0.49921875 0.08125 0.19375
1 0.1171875 0.4953125 0.0859375 0.1546875
1 0.04375 0.50703125 0.075 0.1625
2 0.496875 0.3609375 0.028125 0.0453125
2 0.4640625 0.365625 0.0296875 0.05
2 0.4484375 0.38515625 0.028125 0.0453125
2 0.396875 0.38359375 0.0203125 0.0328125
2 0.2515625 0.41171875 0.0234375 0.0390625
2 0.22421875 0.41484375 0.0203125 0.0328125
2 0.0296875 0.4453125 0.0203125 0.0296875
2 0.165625 0.42421875 0.0234375 0.034375
2 0.10546875 0.43671875 0.015625 0.0296875
3 0.6125 0.34453125 0.0171875 0.0359375