1 0.55 0.46953125 0.1421875 0.2828125
1 0.84296875 0.50234375 0.25 0.375
2 0.840625 0.353125 0.0453125 0.065625
2 0.9609375 0.34453125 0.0390625 0.0625
2 0.55234375 0.35625 0.0265625 0.0515625
1 0.33984375 0.490625 0.11875 0.2546875
2 0.31875 0.38671875 0.025 0.0421875
1 0.40390625 0.4625 0.103125 0.2203125
2 0.39609375 0.3734375 0.0203125 0.0390625
1 0.26328125 0.46875 0.0796875 0.1890625
2 0.26015625 0.39296875 0.01875 0.03125
2 0.22421875 0.39140625 0.015625 0.0265625
2 0.12578125 0.39609375 0.0171875 0.0296875
1 0.053125 0.46640625 0.0625 0.1640625
2 0.0453125 0.4 0.015625 0.028125
1 0.1625 0.48203125 0.0703125 0.2046875
3 0.1609375 0.396875 0.015625 0.0296875
2 0.93828125 0.3453125 0.028125 0.05625