1 0.25234375 0.66640625 0.35078125 0.603125
1 0.48125 0.5421875 0.15625 0.34609375
1 0.690625 0.51015625 0.08984375 0.2578125
1 0.778125 0.490625 0.06953125 0.190625
0 0.9171875 0.48984375 0.04296875 0.2015625
1 0.96953125 0.46953125 0.04609375 0.1375
2 0.26171875 0.41875 0.0625 0.1046875
2 0.48671875 0.4 0.03125 0.059375
3 0.91640625 0.40625 0.03203125 0.03203125
2 0.690625 0.39765625 0.021875 0.034375
1 0.87578125 0.48046875 0.05078125 0.16953125
2 0.88125 0.41171875 0.01953125 0.03046875
2 0.971875 0.41328125 0.0125 0.02421875
2 0.77109375 0.4109375 0.0171875 0.03203125
2 0.7546875 0.40390625 0.01484375 0.0234375
2 0.22265625 0.38515625 0.03125 0.05078125