1 0.16953125 0.54765625 0.2671875 0.45
1 0.67265625 0.5875 0.2109375 0.4609375
1 0.48203125 0.5171875 0.16875 0.35
2 0.1796875 0.36640625 0.046875 0.0859375
2 0.48984375 0.371875 0.03125 0.05625
2 0.446875 0.3546875 0.03125 0.05
2 0.69296875 0.403125 0.046875 0.078125
1 0.928125 0.4703125 0.065625 0.1671875
1 0.32109375 0.4625 0.1515625 0.253125
2 0.06640625 0.33359375 0.034375 0.05625
2 0.31796875 0.3625 0.025 0.0453125
2 0.34453125 0.36171875 0.025 0.0484375
2 0.29609375 0.35625 0.0203125 0.0328125
2 0.521875 0.371875 0.0171875 0.034375
1 0.7625 0.47578125 0.084375 0.2078125
2 0.765625 0.39375 0.021875 0.04375
2 0.93359375 0.40390625 0.015625 0.028125