1 0.446875 0.475 0.1421875 0.2828125
1 0.159375 0.53828125 0.25 0.375
2 0.14609375 0.38984375 0.0453125 0.065625
2 0.025 0.39375 0.0390625 0.0625
2 0.4328125 0.3625 0.0265625 0.0515625
1 0.65859375 0.4734375 0.11875 0.2546875
2 0.66796875 0.36796875 0.025 0.0421875
1 0.59140625 0.453125 0.103125 0.2203125
2 0.58984375 0.36328125 0.0203125 0.0390625
1 0.73203125 0.44375 0.0796875 0.1890625
2 0.72734375 0.36875 0.01875 0.03125
2 0.7625 0.36328125 0.015625 0.0265625
2 0.8609375 0.3578125 0.0171875 0.0296875
1 0.940625 0.41953125 0.0625 0.1640625
2 0.9421875 0.353125 0.015625 0.028125
1 0.83359375 0.446875 0.0703125 0.2046875
3 0.82578125 0.36171875 0.015625 0.0296875
2 0.04765625 0.3921875 0.028125 0.05625