1 0.421875 0.51953125 0.1640625 0.3125
1 0.6890625 0.553125 0.2625 0.4484375
1 0.25390625 0.525 0.1171875 0.26875
1 0.15234375 0.50390625 0.0765625 0.1671875
1 0.078125 0.515625 0.0703125 0.1765625
1 0.02265625 0.5140625 0.0453125 0.15
2 0.671875 0.37578125 0.0453125 0.0734375
2 0.40234375 0.39921875 0.0359375 0.05625
1 0.30703125 0.48984375 0.0875 0.2140625
2 0.28046875 0.40703125 0.0265625 0.040625
2 0.2421875 0.415625 0.03125 0.04375
2 0.0875 0.440625 0.0171875 0.025
2 0.06875 0.44453125 0.0203125 0.0296875
2 0.0046875 0.45625 0.009375 0.025
2 0.20390625 0.41875 0.025 0.04375
2 0.15546875 0.43359375 0.015625 0.0234375
2 0.14453125 0.43984375 0.015625 0.0203125