1 0.6515625 0.5140625 0.196875 0.28125
1 0.54296875 0.48203125 0.1421875 0.2375
1 0.4078125 0.48046875 0.15625 0.28125
1 0.29609375 0.44296875 0.1078125 0.203125
0 0.2046875 0.5375 0.271875 0.4859375
1 0.09453125 0.4421875 0.1875 0.3171875
2 0.66875 0.41171875 0.03125 0.05
2 0.7578125 0.43359375 0.025 0.0359375
2 0.74375 0.428125 0.0234375 0.0375
3 0.21796875 0.3390625 0.04375 0.0734375
2 0.1046875 0.3296875 0.034375 0.05625
2 0.1328125 0.32109375 0.0328125 0.046875
2 0.43515625 0.384375 0.0328125 0.046875
2 0.56015625 0.39375 0.0265625 0.0421875
2 0.06953125 0.33203125 0.021875 0.0359375
2 0.04765625 0.31640625 0.01875 0.025
2 0.30234375 0.36171875 0.0234375 0.0375