1 0.16484375 0.45078125 0.3046875 0.421875
1 0.4984375 0.4921875 0.184375 0.290625
1 0.66484375 0.5625 0.178125 0.303125
1 0.84609375 0.571875 0.109375 0.19375
1 0.75859375 0.559375 0.1421875 0.246875
1 0.928125 0.5921875 0.103125 0.18125
2 0.15703125 0.28984375 0.05625 0.0734375
2 0.2078125 0.315625 0.053125 0.071875
1 0.253125 0.41875 0.18125 0.2953125
2 0.25234375 0.303125 0.04375 0.0578125
2 0.52734375 0.384375 0.034375 0.05
2 0.69921875 0.45 0.0375 0.05
2 0.775 0.46796875 0.0359375 0.0484375
2 0.8671875 0.49921875 0.025 0.034375
2 0.9453125 0.52578125 0.028125 0.0359375
1 0.06640625 0.3484375 0.1328125 0.24375
2 0.10078125 0.27265625 0.034375 0.0484375
2 0.74453125 0.45234375 0.0265625 0.0375
2 0.8203125 0.48203125 0.0234375 0.0375
3 0.0796875 0.25234375 0.0296875 0.040625