1 0.13359375 0.5703125 0.2671875 0.4375
1 0.40546875 0.53828125 0.2109375 0.403125
1 0.6421875 0.4515625 0.1171875 0.24375
2 0.08984375 0.40625 0.0578125 0.0828125
2 0.39296875 0.37734375 0.0421875 0.06875
1 0.528125 0.49140625 0.15625 0.309375
2 0.50546875 0.371875 0.0328125 0.05625
2 0.13984375 0.4046875 0.034375 0.0578125
1 0.2921875 0.4625 0.11875 0.2125
2 0.2875 0.37890625 0.0234375 0.0390625
2 0.58828125 0.35546875 0.0234375 0.040625
2 0.61484375 0.35546875 0.0265625 0.0453125
2 0.63125 0.3671875 0.025 0.040625
2 0.6515625 0.35625 0.0203125 0.0328125
1 0.78046875 0.43125 0.0828125 0.196875
1 0.8609375 0.41796875 0.075 0.1765625
1 0.9171875 0.4015625 0.0671875 0.146875
1 0.9546875 0.38203125 0.046875 0.1171875
2 0.77890625 0.35390625 0.0203125 0.034375
2 0.8109375 0.353125 0.015625 0.0296875
2 0.79609375 0.359375 0.01875 0.03125
2 0.85703125 0.34765625 0.01875 0.0328125
2 0.834375 0.34921875 0.0171875 0.0296875
2 0.91796875 0.34453125 0.0140625 0.025
2 0.94921875 0.33515625 0.0109375 0.01875