1 0.2125 0.6515625 0.425 0.603125
1 0.69765625 0.4375 0.146875 0.271875
1 0.5484375 0.4765625 0.1671875 0.29375
1 0.8609375 0.4921875 0.2390625 0.403125
2 0.13125 0.43984375 0.0765625 0.1125
2 0.8421875 0.3390625 0.0546875 0.08125
2 0.675 0.33359375 0.03125 0.04375
2 0.01015625 0.46875 0.0203125 0.08125
2 0.23671875 0.415625 0.0359375 0.0515625
1 0.34140625 0.53671875 0.2125 0.3515625
2 0.29375 0.4125 0.046875 0.071875
1 0.471875 0.47578125 0.1390625 0.2546875
2 0.45703125 0.3796875 0.0296875 0.0453125
2 0.496875 0.36015625 0.0234375 0.0328125
2 0.53515625 0.36328125 0.034375 0.0484375
2 0.5796875 0.3484375 0.0234375 0.0375
1 0.64140625 0.421875 0.096875 0.1984375
2 0.63515625 0.34375 0.021875 0.034375
2 0.85546875 0.30703125 0.0234375 0.0359375