1 0.85546875 0.603125 0.2890625 0.503125
1 0.09375 0.54609375 0.1875 0.3734375
1 0.303125 0.48203125 0.1015625 0.2453125
0 0.19453125 0.49453125 0.096875 0.2765625
1 0.4515625 0.5078125 0.13125 0.275
2 0.89375 0.41171875 0.046875 0.084375
2 0.1078125 0.3984375 0.0375 0.0640625
2 0.47109375 0.4 0.0265625 0.0484375
3 0.20859375 0.38046875 0.04375 0.0484375
1 0.40234375 0.4671875 0.084375 0.196875
2 0.425 0.38984375 0.0203125 0.0375
2 0.3171875 0.38515625 0.0265625 0.046875
2 0.94765625 0.40234375 0.04375 0.0703125
2 0.453125 0.4046875 0.0203125 0.0453125
2 0.14140625 0.3828125 0.01875 0.028125
2 0.046875 0.38515625 0.0171875 0.0265625