1 0.13515625 0.53125 0.23515625 0.38671875
0 0.89765625 0.57109375 0.16328125 0.4109375
1 0.76015625 0.47578125 0.071875 0.178125
1 0.68125 0.48828125 0.08828125 0.2328125
1 0.43984375 0.47890625 0.1453125 0.23515625
2 0.1328125 0.3734375 0.03984375 0.06875
2 0.44609375 0.38359375 0.021875 0.04453125
2 0.678125 0.4 0.02109375 0.0390625
1 0.97890625 0.4765625 0.0421875 0.15
3 0.92265625 0.39609375 0.02890625 0.05703125
1 0.35546875 0.45546875 0.0703125 0.17734375
2 0.984375 0.41640625 0.0140625 0.02578125
1 0.5359375 0.4671875 0.06953125 0.20078125
2 0.52421875 0.3859375 0.01875 0.0359375
2 0.346875 0.38515625 0.01875 0.03203125
2 0.63984375 0.38515625 0.01640625 0.0359375
2 0.65390625 0.38828125 0.0171875 0.03359375
2 0.7734375 0.403125 0.015625 0.03359375