1 0.53046875 0.6171875 0.246875 0.48828125
1 0.10234375 0.546875 0.2046875 0.45078125
1 0.3234375 0.48046875 0.13828125 0.2796875
1 0.8375 0.46328125 0.0734375 0.196875
2 0.059375 0.365625 0.05 0.08671875
2 0.540625 0.41484375 0.0484375 0.0859375
2 0.32109375 0.36953125 0.02734375 0.05078125
1 0.43359375 0.50859375 0.1359375 0.325
2 0.3703125 0.35703125 0.02109375 0.03984375
2 0.4484375 0.37734375 0.0296875 0.05859375
1 0.63046875 0.48203125 0.10546875 0.26484375
2 0.63203125 0.371875 0.0234375 0.04296875
2 0.8375 0.38359375 0.01875 0.03671875
2 0.5078125 0.36640625 0.02265625 0.03984375