1 0.1359375 0.5765625 0.271875 0.440625
1 0.40625 0.53984375 0.2171875 0.40625
1 0.64140625 0.44921875 0.121875 0.2453125
2 0.08828125 0.4140625 0.059375 0.084375
2 0.390625 0.3796875 0.04375 0.06875
1 0.528125 0.490625 0.1609375 0.3109375
2 0.503125 0.371875 0.034375 0.0578125
2 0.13828125 0.4109375 0.0359375 0.0578125
1 0.29140625 0.46640625 0.121875 0.2140625
2 0.2859375 0.3828125 0.0234375 0.0390625
2 0.5859375 0.35390625 0.0234375 0.040625
2 0.6125 0.35390625 0.028125 0.0453125
2 0.62890625 0.36484375 0.025 0.040625
2 0.64921875 0.35390625 0.021875 0.034375
1 0.77890625 0.4265625 0.0859375 0.196875
1 0.859375 0.41171875 0.078125 0.178125
1 0.915625 0.39453125 0.06875 0.146875
1 0.95234375 0.37421875 0.05 0.11875
2 0.7765625 0.34921875 0.0203125 0.034375
2 0.80859375 0.34765625 0.015625 0.0296875
2 0.79375 0.3546875 0.01875 0.03125
2 0.85390625 0.3421875 0.0203125 0.0328125
2 0.83125 0.34375 0.0171875 0.0296875
2 0.91484375 0.33671875 0.015625 0.025
2 0.94609375 0.32734375 0.0109375 0.0203125