1 0.1875 0.48984375 0.1875 0.34921875
1 0.4890625 0.61875 0.26875 0.5140625
2 0.175 0.35 0.0375 0.06796875
2 0.5078125 0.41171875 0.05078125 0.09453125
1 0.40234375 0.46953125 0.13203125 0.26015625
2 0.40390625 0.3640625 0.02421875 0.04765625
1 0.9203125 0.4671875 0.10390625 0.1890625
1 0.77109375 0.47890625 0.0734375 0.23203125
1 0.66015625 0.45 0.07265625 0.18359375
1 0.83125 0.44765625 0.05546875 0.15
1 0.7203125 0.43671875 0.0515625 0.1515625
2 0.59453125 0.3796875 0.0171875 0.034375
2 0.659375 0.3734375 0.01484375 0.02890625
2 0.7296875 0.375 0.01328125 0.0265625
3 0.76796875 0.37890625 0.0171875 0.03359375
2 0.9265625 0.3890625 0.0234375 0.03203125
2 0.83515625 0.3859375 0.01328125 0.021875
2 0.87890625 0.37578125 0.015625 0.028125
2 0.94765625 0.38203125 0.01484375 0.02734375