1 0.196875 0.5609375 0.2578125 0.4375
1 0.5828125 0.48515625 0.09453125 0.2421875
1 0.74453125 0.5078125 0.09296875 0.2625
1 0.96640625 0.475 0.05859375 0.15703125
1 0.89453125 0.4765625 0.05625 0.17421875
1 0.8234375 0.48359375 0.08046875 0.215625
1 0.33671875 0.50859375 0.1453125 0.290625
2 0.1984375 0.378125 0.0421875 0.0734375
2 0.29921875 0.38828125 0.03203125 0.05078125
2 0.3359375 0.396875 0.0265625 0.05625
2 0.57890625 0.38671875 0.021875 0.04453125
2 0.7453125 0.4015625 0.025 0.04765625
2 0.8203125 0.3984375 0.021875 0.040625
1 0.0953125 0.50390625 0.13203125 0.29609375
2 0.115625 0.3828125 0.03203125 0.05390625
2 0.7859375 0.3921875 0.01875 0.034375
2 0.96953125 0.4109375 0.01484375 0.0265625
2 0.8984375 0.4046875 0.015625 0.03046875
2 0.35546875 0.37890625 0.02265625 0.046875
3 0.16484375 0.37421875 0.01484375 0.03359375