1 0.153125 0.5015625 0.22265625 0.38046875
1 0.36328125 0.4578125 0.11953125 0.2265625
1 0.5640625 0.4828125 0.1109375 0.253125
1 0.71328125 0.47265625 0.075 0.2328125
1 0.86796875 0.4546875 0.06484375 0.19296875
2 0.09375 0.34921875 0.0390625 0.078125
2 0.13828125 0.3703125 0.03671875 0.06640625
1 0.94453125 0.44609375 0.05625 0.16875
1 0.784375 0.453125 0.0609375 0.18828125
2 0.35625 0.36640625 0.02421875 0.04296875
1 0.6546875 0.44765625 0.06328125 0.1859375
2 0.56328125 0.3765625 0.02265625 0.04140625
2 0.596875 0.375 0.01796875 0.03671875
2 0.65234375 0.371875 0.0171875 0.0296875
2 0.7125 0.375 0.0203125 0.03515625
2 0.8671875 0.37578125 0.01640625 0.0328125
2 0.803125 0.378125 0.015625 0.03046875
2 0.784375 0.378125 0.0171875 0.03671875
2 0.84453125 0.37421875 0.01328125 0.0265625
2 0.94609375 0.37578125 0.0125 0.028125