1 0.1109375 0.55234375 0.221875 0.39765625
1 0.3484375 0.56171875 0.2 0.3921875
1 0.6328125 0.51875 0.10078125 0.2875
1 0.74375 0.49296875 0.07734375 0.20859375
1 0.84765625 0.48046875 0.0609375 0.18046875
0 0.90546875 0.49375 0.0484375 0.215625
2 0.0796875 0.3890625 0.04609375 0.07734375
2 0.3546875 0.40234375 0.0390625 0.075
2 0.73671875 0.409375 0.01796875 0.0359375
2 0.6328125 0.39765625 0.025 0.04453125
3 0.903125 0.40546875 0.0328125 0.03671875
1 0.45234375 0.4984375 0.0859375 0.27265625
2 0.84765625 0.40859375 0.02109375 0.03515625
2 0.72265625 0.40234375 0.0140625 0.02734375
2 0.42421875 0.38828125 0.0265625 0.04609375
2 0.7484375 0.41328125 0.0125 0.03359375
2 0.940625 0.41171875 0.0125 0.025
2 0.975 0.4125 0.0109375 0.021875