1 0.14609375 0.5046875 0.2921875 0.54375
1 0.52578125 0.54140625 0.2125 0.3484375
1 0.3296875 0.47265625 0.2546875 0.3484375
1 0.80078125 0.55859375 0.1078125 0.2046875
1 0.6890625 0.54296875 0.134375 0.234375
0 0.875 0.59296875 0.1125 0.2390625
1 0.94765625 0.590625 0.1 0.165625
2 0.13828125 0.3 0.0703125 0.0984375
2 0.55859375 0.4046875 0.0390625 0.0515625
3 0.89375 0.49921875 0.04375 0.046875
2 0.703125 0.45390625 0.028125 0.0453125
2 0.278125 0.32578125 0.0359375 0.053125
2 0.36953125 0.3484375 0.0390625 0.05625
2 0.715625 0.4625 0.01875 0.0375
2 0.96796875 0.5296875 0.0203125 0.0296875
2 0.81875 0.48046875 0.028125 0.0375
2 0.9359375 0.51484375 0.015625 0.021875