2 0.6375 0.68046875 0.353125 0.6390625
1 0.3375 0.50625 0.0984375 0.2359375
1 0.1109375 0.5046875 0.071875 0.1765625
1 0.2 0.4859375 0.0703125 0.184375
1 0.02265625 0.5015625 0.0453125 0.153125
2 0.6046875 0.42734375 0.0671875 0.1203125
1 0.7 0.49609375 0.1359375 0.2671875
2 0.7078125 0.39921875 0.0328125 0.0671875
2 0.67578125 0.39453125 0.0328125 0.0546875
1 0.53125 0.525 0.1140625 0.303125
2 0.55078125 0.40625 0.0375 0.0625
1 0.9328125 0.48515625 0.134375 0.2671875
2 0.33671875 0.40625 0.0203125 0.0359375
2 0.19921875 0.41171875 0.0171875 0.0328125
2 0.10859375 0.43046875 0.015625 0.025
2 0.0078125 0.4421875 0.015625 0.028125
2 0.9765625 0.37734375 0.0359375 0.05