1 0.9015625 0.51171875 0.196875 0.4140625
1 0.69765625 0.56015625 0.246875 0.434375
1 0.54921875 0.490625 0.128125 0.253125
1 0.3859375 0.51171875 0.1125 0.2390625
1 0.2296875 0.51875 0.1 0.2328125
1 0.10625 0.51328125 0.06875 0.175
1 0.16328125 0.5046875 0.06875 0.1640625
1 0.04140625 0.50859375 0.06875 0.1578125
1 0.453125 0.46484375 0.0859375 0.1765625
2 0.93828125 0.34296875 0.0421875 0.071875
2 0.71875 0.3890625 0.0484375 0.0859375
2 0.378125 0.4140625 0.0234375 0.0390625
2 0.54609375 0.3875 0.0234375 0.0375
2 0.68828125 0.3984375 0.0421875 0.078125
2 0.66640625 0.3796875 0.034375 0.0609375
2 0.45 0.39453125 0.015625 0.03125
1 0.31171875 0.49453125 0.10625 0.2078125
2 0.3171875 0.41015625 0.021875 0.034375
2 0.03515625 0.44609375 0.0171875 0.028125
2 0.09609375 0.446875 0.021875 0.034375
2 0.16875 0.440625 0.01875 0.03125
2 0.15546875 0.440625 0.0140625 0.0265625
2 0.221875 0.42265625 0.021875 0.034375
2 0.29453125 0.42578125 0.01875 0.03125