1 0.19375 0.578125 0.2578125 0.3265625
0 0.64609375 0.5875 0.3640625 0.58125
1 0.47109375 0.52734375 0.2171875 0.3265625
1 0.3578125 0.5171875 0.1734375 0.265625
1 0.89765625 0.390625 0.10625 0.20625
2 0.1640625 0.4625 0.0453125 0.059375
2 0.41953125 0.41640625 0.04375 0.059375
2 0.340625 0.42109375 0.0328125 0.046875
2 0.13828125 0.478125 0.0328125 0.040625
2 0.4359375 0.40546875 0.0375 0.0578125
2 0.87421875 0.31328125 0.025 0.0375
3 0.61484375 0.36015625 0.059375 0.090625
2 0.46875 0.3875 0.0265625 0.0421875
2 0.48828125 0.38671875 0.0296875 0.0421875