1 0.62265625 0.4796875 0.15 0.2359375
1 0.80546875 0.60546875 0.334375 0.4859375
1 0.33828125 0.43515625 0.1515625 0.2390625
2 0.98828125 0.41953125 0.0234375 0.0703125
2 0.8484375 0.4296875 0.065625 0.090625
2 0.64375 0.39375 0.0296875 0.0421875
2 0.35859375 0.34375 0.028125 0.0375
1 0.26953125 0.38984375 0.10625 0.196875
2 0.2890625 0.31796875 0.0234375 0.0359375
1 0.178125 0.38125 0.1234375 0.196875
1 0.0640625 0.346875 0.0875 0.1640625
2 0.18515625 0.3046875 0.021875 0.0296875
2 0.1703125 0.296875 0.0203125 0.0296875
2 0.05859375 0.2796875 0.01875 0.0265625
2 0.3828125 0.33515625 0.0140625 0.021875