1 0.22890625 0.56953125 0.2671875 0.49609375
0 0.3578125 0.66328125 0.33828125 0.6734375
1 0.584375 0.49296875 0.10859375 0.22578125
1 0.83984375 0.51015625 0.0875 0.22734375
1 0.96875 0.47578125 0.05546875 0.1640625
1 0.06875 0.48046875 0.1375 0.2546875
3 0.390625 0.3796875 0.05 0.1078125
2 0.19765625 0.36640625 0.046875 0.08671875
2 0.25234375 0.37578125 0.053125 0.09140625
2 0.025 0.3796875 0.02890625 0.04375
2 0.83828125 0.41875 0.0265625 0.04375
2 0.97421875 0.4109375 0.01796875 0.0296875
1 0.91640625 0.459375 0.05625 0.1359375
2 0.04609375 0.37578125 0.02578125 0.04375
2 0.590625 0.4 0.01796875 0.0390625
2 0.91875 0.403125 0.01171875 0.02421875
2 0.9515625 0.409375 0.0109375 0.01875