1 0.17109375 0.46796875 0.284375 0.4171875
1 0.35234375 0.45546875 0.196875 0.309375
1 0.6875 0.58671875 0.303125 0.446875
1 0.5390625 0.50078125 0.18125 0.3140625
1 0.94765625 0.52890625 0.090625 0.1703125
2 0.196875 0.3125 0.053125 0.078125
2 0.33125 0.3421875 0.0390625 0.0578125
2 0.36875 0.34375 0.0375 0.059375
2 0.71015625 0.41875 0.05 0.0796875
1 0.84609375 0.5140625 0.096875 0.203125
1 0.4703125 0.45625 0.1328125 0.240625
1 0.7859375 0.51171875 0.109375 0.221875
2 0.49296875 0.36640625 0.028125 0.04375
2 0.5578125 0.3796875 0.0359375 0.0546875
2 0.65625 0.40078125 0.0234375 0.0375
2 0.96328125 0.4671875 0.021875 0.034375
2 0.85859375 0.4328125 0.01875 0.0296875
2 0.79921875 0.425 0.025 0.0375
2 0.7375 0.41015625 0.0203125 0.0328125