1 0.75078125 0.6015625 0.26875 0.484375
1 0.53203125 0.5234375 0.165625 0.340625
1 0.353125 0.4953125 0.1171875 0.253125
1 0.27109375 0.47265625 0.06875 0.1984375
1 0.18359375 0.484375 0.0828125 0.2203125
1 0.075 0.4640625 0.0625 0.1703125
1 0.90859375 0.5421875 0.1828125 0.409375
2 0.9625 0.3828125 0.0484375 0.078125
2 0.7453125 0.40078125 0.05 0.0796875
2 0.55078125 0.396875 0.034375 0.0609375
2 0.35703125 0.39453125 0.0234375 0.04375
2 0.27421875 0.390625 0.01875 0.0359375
2 0.19921875 0.39609375 0.01875 0.0375
2 0.1859375 0.3984375 0.015625 0.0390625
2 0.16328125 0.3953125 0.0171875 0.0265625
2 0.078125 0.39453125 0.0171875 0.0296875
2 0.0578125 0.3890625 0.0140625 0.021875