1 0.15703125 0.5203125 0.21796875 0.3546875
1 0.3140625 0.55859375 0.2203125 0.41015625
1 0.6078125 0.5015625 0.0984375 0.246875
1 0.74140625 0.4875 0.0765625 0.221875
0 0.8375 0.50546875 0.06875 0.2515625
1 0.9 0.4796875 0.0546875 0.1765625
1 0.9625 0.56640625 0.075 0.33359375
2 0.31484375 0.38828125 0.03828125 0.06875
2 0.18046875 0.37421875 0.03671875 0.06015625
2 0.5953125 0.4015625 0.0234375 0.046875
2 0.7359375 0.39765625 0.0234375 0.0453125
3 0.8359375 0.40234375 0.0390625 0.0421875
2 0.6125 0.40625 0.01640625 0.0375
2 0.62265625 0.39609375 0.01484375 0.03359375
2 0.98828125 0.425 0.0234375 0.05234375
2 0.90078125 0.4078125 0.01484375 0.0296875