1 0.7 0.5140625 0.278125 0.409375
1 0.403125 0.5265625 0.15625 0.2703125
1 0.8328125 0.4515625 0.2484375 0.3578125
1 0.2421875 0.53515625 0.109375 0.2015625
1 0.14375 0.5734375 0.10625 0.19375
1 0.04921875 0.590625 0.0859375 0.16875
2 0.66015625 0.36796875 0.0546875 0.0765625
2 0.83203125 0.3265625 0.05625 0.0890625
2 0.79375 0.32734375 0.05 0.0703125
2 0.38203125 0.42109375 0.0296875 0.0421875
2 0.22578125 0.45859375 0.0234375 0.034375
2 0.128125 0.49765625 0.021875 0.0296875
2 0.03125 0.52734375 0.0203125 0.0296875
2 0.00703125 0.53125 0.0140625 0.025