1 0.1296875 0.58984375 0.259375 0.4453125
1 0.55234375 0.4875 0.11875 0.2515625
1 0.7359375 0.49140625 0.1015625 0.2296875
2 0.0921875 0.4109375 0.046875 0.0734375
2 0.540625 0.3875 0.0265625 0.0421875
2 0.725 0.3984375 0.0234375 0.0359375
1 0.8703125 0.47421875 0.078125 0.196875
1 0.96015625 0.44609375 0.065625 0.14375
2 0.865625 0.3953125 0.0171875 0.034375
1 0.91171875 0.45703125 0.0609375 0.171875
2 0.9015625 0.3859375 0.015625 0.025
1 0.83671875 0.45625 0.0484375 0.153125
2 0.84296875 0.39453125 0.015625 0.0296875
2 0.95078125 0.38984375 0.0140625 0.025
2 0.9859375 0.38515625 0.0140625 0.0234375