1 0.121875 0.415625 0.24375 0.353125
1 0.27421875 0.47421875 0.25625 0.3765625
1 0.4875 0.47734375 0.1828125 0.25
1 0.7140625 0.5328125 0.1296875 0.2359375
1 0.790625 0.5359375 0.1078125 0.184375
0 0.90390625 0.653125 0.1921875 0.4125
2 0.1296875 0.2859375 0.046875 0.0609375
2 0.30078125 0.33046875 0.04375 0.0625
2 0.5125 0.38671875 0.0296875 0.0421875
1 0.41171875 0.434375 0.1078125 0.1859375
2 0.73125 0.44921875 0.028125 0.0359375
3 0.98125 0.5 0.0375 0.065625
1 0.571875 0.48125 0.1046875 0.20625
2 0.57578125 0.39765625 0.021875 0.0359375
2 0.68671875 0.42578125 0.021875 0.0359375
2 0.70078125 0.43046875 0.0203125 0.034375
2 0.41796875 0.3671875 0.0234375 0.034375
2 0.8171875 0.47109375 0.021875 0.0328125