1 0.47421875 0.48984375 0.1484375 0.2703125
1 0.35 0.465625 0.103125 0.225
1 0.93671875 0.440625 0.1265625 0.290625
2 0.9765625 0.32265625 0.0265625 0.05625
2 0.346875 0.3765625 0.021875 0.040625
2 0.465625 0.384375 0.0296875 0.05
1 0.225 0.48359375 0.1046875 0.2078125
1 0.09140625 0.48203125 0.0640625 0.1734375
1 0.12890625 0.47109375 0.0625 0.1578125
1 0.0296875 0.47109375 0.059375 0.1453125
2 0.02421875 0.41015625 0.015625 0.021875
3 0.08671875 0.41015625 0.0140625 0.0265625
2 0.115625 0.41015625 0.0171875 0.03125
2 0.20703125 0.3984375 0.0171875 0.0328125