1 0.1703125 0.52578125 0.2203125 0.384375
1 0.346875 0.48203125 0.15 0.2875
1 0.7 0.553125 0.23515625 0.4125
1 0.53828125 0.49375 0.13203125 0.2953125
1 0.94609375 0.45078125 0.0640625 0.1609375
2 0.16875 0.36796875 0.04140625 0.07265625
2 0.30625 0.37421875 0.0296875 0.053125
2 0.34375 0.36875 0.028125 0.0546875
2 0.69296875 0.38359375 0.03828125 0.07421875
1 0.84296875 0.45390625 0.06484375 0.19453125
1 0.46328125 0.46171875 0.09453125 0.22734375
1 0.78359375 0.46171875 0.0734375 0.2125
2 0.46953125 0.36953125 0.021875 0.040625
2 0.5359375 0.371875 0.028125 0.05
2 0.63671875 0.375 0.01796875 0.034375
2 0.95078125 0.3875 0.01640625 0.03203125
2 0.84140625 0.371875 0.01484375 0.028125
2 0.78203125 0.37421875 0.01953125 0.03515625
2 0.71796875 0.3703125 0.015625 0.03125