1 0.2484375 0.6421875 0.32578125 0.5765625
1 0.45 0.55078125 0.1703125 0.365625
1 0.66171875 0.49609375 0.0890625 0.22265625
1 0.80703125 0.49375 0.078125 0.215625
1 0.87265625 0.48203125 0.059375 0.15703125
1 0.9234375 0.48359375 0.0578125 0.16484375
1 0.59375 0.45859375 0.06171875 0.16328125
1 0.73515625 0.48203125 0.06953125 0.19453125
2 0.17578125 0.41796875 0.07265625 0.1234375
2 0.23515625 0.4484375 0.05703125 0.1125
1 0.5234375 0.48125 0.090625 0.2140625
2 0.51875 0.39453125 0.02109375 0.03671875
2 0.42734375 0.4046875 0.03203125 0.06171875
2 0.6640625 0.40625 0.01953125 0.0375
2 0.590625 0.39296875 0.01328125 0.02734375
1 0.98125 0.47265625 0.0375 0.15
2 0.45390625 0.41328125 0.025 0.06484375
2 0.725 0.39765625 0.01640625 0.0265625
2 0.80625 0.4046875 0.01796875 0.0375
2 0.86484375 0.41796875 0.015625 0.028125
2 0.87734375 0.4171875 0.01328125 0.02265625
2 0.99375 0.4125 0.0125 0.02265625
2 0.9265625 0.41796875 0.01953125 0.0328125
2 0.21796875 0.378125 0.028125 0.059375