1 0.39296875 0.5453125 0.20078125 0.403125
1 0.634375 0.60390625 0.2109375 0.478125
1 0.928125 0.471875 0.05390625 0.171875
1 0.728125 0.471875 0.07734375 0.196875
1 0.8078125 0.4828125 0.0671875 0.2203125
1 0.97890625 0.465625 0.0421875 0.16015625
1 0.54609375 0.503125 0.11171875 0.3125
2 0.3890625 0.3796875 0.040625 0.075
2 0.65234375 0.4046875 0.04921875 0.0796875
2 0.5328125 0.3796875 0.0328125 0.059375
2 0.92734375 0.40234375 0.0171875 0.0328125
2 0.80859375 0.38984375 0.01875 0.03359375
2 0.9875 0.40234375 0.0171875 0.02734375
2 0.5 0.378125 0.0203125 0.04609375
2 0.5484375 0.38515625 0.02734375 0.05625
2 0.7140625 0.39453125 0.01953125 0.0265625
2 0.73203125 0.3984375 0.01640625 0.02265625