1 0.8875 0.4546875 0.225 0.43125
1 0.70390625 0.53203125 0.3 0.45625
1 0.54765625 0.48359375 0.1609375 0.2625
1 0.38828125 0.52734375 0.14375 0.2484375
1 0.23515625 0.55625 0.1296875 0.2390625
1 0.11171875 0.56796875 0.0921875 0.1796875
1 0.1671875 0.5515625 0.090625 0.16875
1 0.04765625 0.571875 0.0890625 0.1625
1 0.4484375 0.471875 0.1078125 0.1828125
2 0.9125 0.28359375 0.0515625 0.075
2 0.70078125 0.36015625 0.059375 0.090625
2 0.3671875 0.43125 0.028125 0.0421875
2 0.5296875 0.38203125 0.028125 0.040625
2 0.671875 0.3734375 0.0515625 0.08125
2 0.64765625 0.3578125 0.040625 0.0640625
2 0.4359375 0.40234375 0.0203125 0.0328125
1 0.3125 0.5203125 0.1328125 0.2171875
2 0.30703125 0.43671875 0.0265625 0.0359375
2 0.03203125 0.51171875 0.0203125 0.0296875
2 0.09296875 0.50390625 0.0265625 0.0359375
2 0.16328125 0.4875 0.0234375 0.0328125
2 0.15 0.4890625 0.0171875 0.0265625
2 0.2140625 0.46171875 0.0265625 0.0359375
2 0.2859375 0.45546875 0.021875 0.0328125