1 0.2703125 0.665625 0.353125 0.66484375
1 0.57421875 0.46953125 0.0796875 0.18828125
1 0.12578125 0.5671875 0.18125 0.47890625
2 0.175 0.37421875 0.05390625 0.0875
2 0.28203125 0.39375 0.065625 0.11875
2 0.4 0.37109375 0.03828125 0.0703125
2 0.76015625 0.3890625 0.0203125 0.03984375
2 0.9078125 0.4 0.01640625 0.0328125
1 0.96328125 0.46484375 0.05234375 0.16484375
1 0.909375 0.47421875 0.05859375 0.18359375
1 0.76015625 0.4890625 0.07890625 0.2375
1 0.68359375 0.478125 0.0859375 0.20234375
1 0.43046875 0.51484375 0.1703125 0.36015625
1 0.53203125 0.4421875 0.05390625 0.14921875
2 0.57578125 0.39140625 0.01796875 0.03359375
2 0.96875 0.39921875 0.01484375 0.0296875
2 0.42578125 0.378125 0.02734375 0.06015625
2 0.6671875 0.39296875 0.01953125 0.03203125
2 0.7921875 0.3890625 0.01484375 0.0265625
2 0.53125 0.3875 0.01484375 0.0265625
2 0.6859375 0.39765625 0.0171875 0.02421875
2 0.696875 0.3875 0.01484375 0.0328125