1 0.0765625 0.49296875 0.153125 0.2390625
1 0.453125 0.55234375 0.19375 0.3734375
1 0.696875 0.4765625 0.1109375 0.259375
2 0.4359375 0.40625 0.040625 0.0671875
1 0.81015625 0.45390625 0.09375 0.240625
1 0.95625 0.42109375 0.065625 0.1640625
2 0.69140625 0.37265625 0.028125 0.0453125
2 0.8 0.3578125 0.025 0.04375
2 0.05234375 0.403125 0.0328125 0.0484375
1 0.75625 0.43984375 0.0734375 0.19375
2 0.75234375 0.3609375 0.01875 0.0328125
2 0.8359375 0.35859375 0.0234375 0.0390625
2 0.95546875 0.35390625 0.0171875 0.028125
1 0.925 0.409375 0.0515625 0.1390625
2 0.92578125 0.353125 0.015625 0.025