1 0.58515625 0.434375 0.11875 0.2125
0 0.72109375 0.4359375 0.1375 0.2625
1 0.40859375 0.55078125 0.2453125 0.390625
1 0.2734375 0.52109375 0.1890625 0.309375
2 0.265625 0.40546875 0.0390625 0.0609375
2 0.39296875 0.4 0.0453125 0.0640625
1 0.50546875 0.47109375 0.1515625 0.2609375
1 0.81484375 0.4 0.1375 0.221875
1 0.90546875 0.36171875 0.084375 0.178125
1 0.94921875 0.34375 0.0875 0.1625
1 0.653125 0.40390625 0.084375 0.16875
2 0.484375 0.3765625 0.0296875 0.04375
2 0.56796875 0.353125 0.025 0.034375
2 0.8078125 0.3171875 0.028125 0.0421875
2 0.646875 0.33671875 0.01875 0.03125
2 0.8890625 0.29375 0.0203125 0.0296875
2 0.9265625 0.28515625 0.021875 0.03125
2 0.94296875 0.28828125 0.025 0.0296875
2 0.75703125 0.3265625 0.0203125 0.0296875
3 0.6984375 0.33203125 0.0265625 0.0390625