2 0.40546875 0.68359375 0.4453125 0.6328125
1 0.659375 0.46953125 0.1328125 0.2453125
1 0.88046875 0.4171875 0.0984375 0.1828125
1 0.7890625 0.41875 0.096875 0.1921875
1 0.96484375 0.39453125 0.0703125 0.1578125
2 0.38203125 0.453125 0.084375 0.128125
1 0.30390625 0.54140625 0.175 0.28125
2 0.275 0.4484375 0.04375 0.0703125
2 0.3046875 0.43671875 0.040625 0.0578125
1 0.475 0.53125 0.159375 0.3140625
2 0.4296875 0.41953125 0.046875 0.0671875
1 0.08046875 0.58359375 0.1609375 0.2828125
2 0.63828125 0.371875 0.0265625 0.0375
2 0.7734375 0.346875 0.021875 0.034375
2 0.86640625 0.34453125 0.01875 0.028125
2 0.96640625 0.3328125 0.01875 0.0296875
2 0.0140625 0.48671875 0.028125 0.0546875