1 0.22890625 0.60703125 0.2921875 0.5296875
1 0.62890625 0.53515625 0.1296875 0.32890625
1 0.8296875 0.50859375 0.07421875 0.2046875
1 0.89296875 0.49296875 0.05234375 0.15703125
2 0.23203125 0.3875 0.05390625 0.08828125
2 0.171875 0.36796875 0.0453125 0.07890625
1 0.33828125 0.49140625 0.15703125 0.3015625
2 0.33359375 0.36640625 0.03203125 0.0546875
2 0.6296875 0.39921875 0.03046875 0.05703125
1 0.9609375 0.496875 0.0453125 0.15
2 0.8265625 0.41953125 0.0171875 0.025
2 0.9421875 0.425 0.015625 0.02734375
2 0.9 0.4234375 0.01484375 0.021875