1 0.6796875 0.4921875 0.109375 0.2640625
1 0.51015625 0.615625 0.315625 0.5203125
1 0.16875 0.565625 0.278125 0.4375
2 0.15703125 0.396875 0.0515625 0.078125
2 0.48125 0.4125 0.0625 0.0984375
2 0.67578125 0.384375 0.0234375 0.0421875
1 0.8484375 0.4375 0.053125 0.16875
1 0.93828125 0.4375 0.0578125 0.175
1 0.89453125 0.428125 0.05625 0.1546875
2 0.9359375 0.36484375 0.0171875 0.0265625
2 0.9 0.3640625 0.0140625 0.0265625
2 0.8484375 0.36953125 0.015625 0.0296875
1 0.98046875 0.42109375 0.0390625 0.1546875