1 0.34296875 0.59609375 0.2703125 0.4625
1 0.64140625 0.45703125 0.1015625 0.1828125
2 0.35625 0.41328125 0.0515625 0.08125
1 0.4234375 0.50390625 0.11875 0.3015625
2 0.4203125 0.38515625 0.0328125 0.0578125
1 0.2 0.4375 0.071875 0.203125
1 0.11171875 0.42734375 0.0765625 0.20625
2 0.653125 0.3875 0.0203125 0.034375
2 0.121875 0.34609375 0.021875 0.034375
2 0.209375 0.35703125 0.021875 0.0359375
1 0.07421875 0.41015625 0.06875 0.175
2 0.08359375 0.34296875 0.01875 0.0328125
1 0.1625 0.41875 0.065625 0.16875
2 0.16796875 0.35 0.0171875 0.0265625
1 0.02265625 0.3890625 0.040625 0.128125