1 0.74765625 0.66640625 0.35 0.603125
1 0.51875 0.5421875 0.15625 0.346875
1 0.309375 0.51015625 0.090625 0.2578125
1 0.221875 0.490625 0.06875 0.190625
0 0.0828125 0.48984375 0.04375 0.2015625
1 0.03046875 0.46953125 0.046875 0.1375
2 0.73828125 0.41875 0.0625 0.1046875
2 0.51328125 0.4 0.03125 0.059375
3 0.08359375 0.40625 0.03125 0.03125
2 0.309375 0.39765625 0.021875 0.034375
1 0.12421875 0.48046875 0.05 0.16875
2 0.11875 0.41171875 0.01875 0.03125
2 0.028125 0.41328125 0.0125 0.025
2 0.22890625 0.4109375 0.0171875 0.03125
2 0.2453125 0.40390625 0.015625 0.0234375
2 0.77734375 0.38515625 0.03125 0.05