1 0.27265625 0.43125 0.234375 0.30625
1 0.4203125 0.45703125 0.175 0.253125
1 0.52421875 0.51875 0.1890625 0.2921875
1 0.91953125 0.60390625 0.1 0.1875
0 0.66171875 0.6546875 0.3359375 0.5421875
1 0.7765625 0.5953125 0.196875 0.3359375
2 0.77734375 0.4625 0.04375 0.065625
2 0.80234375 0.478125 0.0421875 0.0640625
2 0.30859375 0.32578125 0.0390625 0.0546875
2 0.446875 0.3671875 0.0328125 0.0484375
2 0.54140625 0.40703125 0.0375 0.053125
3 0.74296875 0.46015625 0.05625 0.0890625
2 0.9390625 0.53203125 0.025 0.0359375
2 0.2421875 0.3125 0.03125 0.040625
2 0.25859375 0.31484375 0.0296875 0.0421875
2 0.58203125 0.40703125 0.028125 0.04375
2 0.709375 0.45546875 0.025 0.0390625