1 0.28984375 0.4734375 0.1296875 0.253125
1 0.63046875 0.4875 0.1125 0.2703125
1 0.14375 0.5828125 0.28125 0.5
1 0.7640625 0.56171875 0.1890625 0.4203125
2 0.1390625 0.37890625 0.0484375 0.084375
2 0.28125 0.37578125 0.028125 0.046875
2 0.63046875 0.38125 0.03125 0.0546875
2 0.76875 0.3890625 0.040625 0.071875
2 0.84296875 0.3796875 0.0203125 0.0296875
1 0.84609375 0.4578125 0.06875 0.1875
1 0.97578125 0.4234375 0.046875 0.1265625
2 0.01484375 0.38125 0.0296875 0.06875
2 0.03828125 0.38515625 0.0296875 0.05625