1 0.3484375 0.48515625 0.15078125 0.25703125
1 0.4609375 0.47421875 0.1015625 0.22265625
1 0.59453125 0.4984375 0.10703125 0.26640625
1 0.7109375 0.4828125 0.07265625 0.19296875
0 0.7828125 0.59296875 0.1875 0.459375
1 0.909375 0.5203125 0.1328125 0.29765625
2 0.35078125 0.38125 0.0234375 0.046875
2 0.259375 0.3859375 0.01953125 0.03359375
2 0.27421875 0.3828125 0.0171875 0.03515625
3 0.8078125 0.39609375 0.03203125 0.06796875
2 0.9203125 0.4078125 0.02421875 0.053125
2 0.89453125 0.39453125 0.025 0.0421875
2 0.5859375 0.39921875 0.02578125 0.0421875
2 0.4609375 0.384375 0.01953125 0.0390625
2 0.9546875 0.4171875 0.01640625 0.03359375
2 0.97890625 0.40625 0.0140625 0.0234375
2 0.7203125 0.40234375 0.01640625 0.03515625