1 0.35390625 0.5078125 0.18359375 0.37734375
1 0.1640625 0.6703125 0.328125 0.659375
1 0.47265625 0.44765625 0.0890625 0.196875
2 0.121875 0.40234375 0.0765625 0.1296875
2 0.34921875 0.35390625 0.03828125 0.06875
2 0.196875 0.31796875 0.0328125 0.05546875
1 0.978125 0.4453125 0.04296875 0.15234375
1 0.86640625 0.45390625 0.0828125 0.17578125
1 0.7125 0.46953125 0.09296875 0.2078125
1 0.78203125 0.44375 0.065625 0.17421875
1 0.6578125 0.4125 0.040625 0.11875
2 0.78125 0.37265625 0.01640625 0.0328125
2 0.71484375 0.38046875 0.02109375 0.0328125
2 0.87421875 0.38046875 0.01484375 0.028125
2 0.9015625 0.378125 0.01640625 0.02578125
2 0.65234375 0.36328125 0.01015625 0.01953125
2 0.47265625 0.3640625 0.01796875 0.03046875