1 0.3234375 0.53203125 0.246875 0.415625
1 0.1140625 0.49453125 0.228125 0.4078125
1 0.625 0.5375 0.1390625 0.2703125
1 0.75703125 0.5265625 0.1046875 0.2140625
1 0.52265625 0.51171875 0.1421875 0.25
1 0.84921875 0.64765625 0.2140625 0.4171875
2 0.1046875 0.3375 0.0484375 0.0703125
2 0.14765625 0.32578125 0.04375 0.0671875
2 0.3453125 0.37578125 0.0453125 0.0765625
2 0.2921875 0.3734375 0.034375 0.05625
2 0.26015625 0.36796875 0.034375 0.053125
2 0.89375 0.48828125 0.05 0.08125
1 0.94296875 0.54609375 0.084375 0.165625
2 0.64375 0.434375 0.034375 0.0515625
2 0.7671875 0.4421875 0.025 0.0359375
2 0.953125 0.48203125 0.01875 0.025
2 0.5140625 0.41328125 0.03125 0.046875
2 0.53828125 0.41484375 0.0296875 0.0453125
2 0.875 0.45703125 0.0171875 0.03125