2 0.36875 0.6859375 0.33203125 0.628125
1 0.6625 0.50078125 0.08984375 0.2328125
1 0.8890625 0.49140625 0.065625 0.17421875
1 0.79921875 0.47578125 0.06328125 0.1828125
1 0.978125 0.48515625 0.04375 0.15234375
2 0.39296875 0.43125 0.0625 0.11875
1 0.3 0.503125 0.1265625 0.2625
2 0.2890625 0.40625 0.03125 0.065625
2 0.3203125 0.40078125 0.03046875 0.053125
1 0.46953125 0.52578125 0.10390625 0.3
2 0.44609375 0.4078125 0.03515625 0.06171875
1 0.06484375 0.50078125 0.128125 0.2625
2 0.66015625 0.40078125 0.01953125 0.03515625
2 0.79765625 0.4015625 0.015625 0.03203125
2 0.8890625 0.4171875 0.01484375 0.025
2 0.98984375 0.425 0.0140625 0.028125
2 0.01953125 0.39375 0.03359375 0.0484375