1 0.13984375 0.590625 0.2796875 0.44375
1 0.521875 0.51015625 0.1296875 0.284375
1 0.715625 0.46953125 0.084375 0.20625
1 0.8359375 0.48203125 0.0796875 0.1921875
1 0.9375 0.471875 0.05625 0.1671875
2 0.134375 0.4140625 0.05625 0.078125
2 0.51484375 0.39296875 0.025 0.04375
2 0.70859375 0.38515625 0.0171875 0.0328125
2 0.83203125 0.4 0.0171875 0.025
2 0.93828125 0.403125 0.0171875 0.028125
1 0.9796875 0.45859375 0.040625 0.1515625
2 0.99140625 0.3953125 0.0109375 0.0203125
2 0.95234375 0.4015625 0.0140625 0.025