1 0.6625 0.5765625 0.240625 0.4140625
1 0.88046875 0.5984375 0.2390625 0.40625
1 0.36953125 0.50390625 0.1359375 0.26875
1 0.24453125 0.459375 0.1015625 0.2125
1 0.475 0.50546875 0.1390625 0.25
1 0.12421875 0.55234375 0.2078125 0.415625
2 0.92421875 0.4453125 0.046875 0.06875
2 0.8859375 0.42265625 0.0421875 0.065625
2 0.68125 0.4203125 0.04375 0.075
2 0.73359375 0.43203125 0.0328125 0.0546875
2 0.76640625 0.434375 0.034375 0.053125
2 0.12265625 0.38671875 0.0484375 0.08125
1 0.06015625 0.4296875 0.0828125 0.165625
2 0.37890625 0.39921875 0.034375 0.05
2 0.25703125 0.375 0.025 0.0359375
2 0.0671875 0.365625 0.01875 0.025
2 0.509375 0.41328125 0.0296875 0.046875
2 0.48515625 0.4078125 0.028125 0.0453125
2 0.1484375 0.36171875 0.0171875 0.03125