1 0.1453125 0.5875 0.290625 0.41875
0 0.8953125 0.5078125 0.209375 0.43125
1 0.753125 0.43515625 0.0984375 0.1875
1 0.67734375 0.46015625 0.1234375 0.24375
1 0.4375 0.48828125 0.1796875 0.2546875
2 0.1171875 0.4328125 0.05 0.0734375
2 0.42890625 0.39375 0.028125 0.046875
2 0.66015625 0.3734375 0.0265625 0.0421875
1 0.96796875 0.40078125 0.0640625 0.1546875
3 0.9015625 0.33125 0.0375 0.0609375
1 0.35 0.47890625 0.096875 0.1859375
2 0.965625 0.34140625 0.0171875 0.028125
1 0.53046875 0.46171875 0.1 0.209375
2 0.50625 0.38359375 0.0234375 0.0390625
2 0.33046875 0.41015625 0.0234375 0.034375
2 0.6203125 0.36484375 0.021875 0.0375
2 0.634375 0.365625 0.021875 0.0359375
2 0.7546875 0.36171875 0.0203125 0.0359375