1 0.3953125 0.44609375 0.1765625 0.26875
1 0.9046875 0.66875 0.190625 0.371875
2 0.41875 0.34765625 0.0328125 0.0484375
1 0.437218184375 0.5436732296875 0.4435853703125 0.562638771875 0.427226646875 0.5863649203125 0.43215305156249995 0.5980200250000001 0.4197845625 0.6528629609375 0.424258540625 0.6898930296875 0.444204796875 0.7041344671875 0.46426093437500005 0.691757003125 0.476872525 0.6752063328125 0.4951662078125 0.67513331875 0.4987119890625 0.6713832421875 0.49419872812500004 0.6633067484375 0.5198246140625 0.6233546046875 0.5154316718749999 0.599088621875 0.525987984375 0.5750743046875 0.5686705890625 0.594984553125 0.574935865625 0.5803271750000001 0.5797603625 0.5583593578125 0.5994426421875 0.5134497015624999 0.5846137062500001 0.4970085484375 0.57588000625 0.5006236671875001 0.5789316125 0.48053088906249997 0.5804718390625 0.4507930046875 0.5692801546874999 0.453795278125 0.5662678359375 0.444934478125 0.5715159109375 0.43697469218749996 0.5752028859375 0.4378939578125 0.5892343859375 0.40779489062499996 0.5866143328125 0.38165386875 0.569680396875 0.37627323125 0.5586299078125 0.38394485 0.5538054125 0.405912665625 0.5555285796875 0.4225617890625 0.5507538078125 0.4260054421875 0.5372453359375 0.43306421562499997 0.5176336515625 0.48030854375 0.5116507609375 0.504304609375 0.4993608421875 0.5012403890625 0.4846233765625 0.507992740625 0.4530121359375 0.501269709375 0.43800272187499995 0.5091127890625 0.42677175468749995 0.5410686421875 0.437218184375 0.5436732296875
2 0.47578125 0.36796875 0.0296875 0.0375
1 0.46718339999999997 0.716979890625 0.47889875000000004 0.712641359375 0.48531188125 0.70988463125 0.47653922031249996 0.7483505515625 0.48145139531250003 0.784420884375 0.4997699 0.7962477 0.5191862375 0.7938292375 0.5337165625 0.7814811609375 0.541581415625 0.7761825890625 0.6291072640625 0.7892938375 0.6371621453125 0.8029173406250001 0.6494837265625 0.8059894562500001 0.6735960515625 0.7945785375 0.6904989828125 0.7595916234375 0.702502825 0.7016047328125 0.6917837546875 0.6757017750000001 0.6987769562499999 0.65421498125 0.6931700765625 0.6078081421875 0.7105284578125 0.6005208765625001 0.713671165625 0.5780740468750001 0.7068156703125 0.5662014828124999 0.715172121875 0.5392469890625 0.704302265625 0.5336330296875 0.69559191875 0.548884090625 0.6736883390624999 0.544874815625 0.6691300578125 0.5205079140625 0.6688515578125 0.49865998281249996 0.6665412609375 0.49808396093749996 0.6785581828125 0.4531674265625 0.67314133125 0.42568266093749996 0.654570484375 0.4181486296875 0.6355965140625 0.4351963828125 0.629032596875 0.458242109375 0.602282246875 0.4835142875 0.5984579125 0.5086949656249999 0.56740470625 0.593874109375 0.5244430375 0.5759030640625 0.5151395390625 0.596813834375 0.5194454796875 0.62547351875 0.49493003125 0.66146621875 0.49451382656250004 0.6729776453125 0.47306569062500003 0.6966680171874999 0.46718339999999997 0.716979890625
2 0.571875 0.4078125 0.0453125 0.0640625
2 0.65234375 0.46328125 0.0609375 0.0890625
1 0.7521026046875 0.6446270000000001 0.7612219015624999 0.6337684921875 0.76105396875 0.6205944171875 0.76882564375 0.6032715468750001 0.7695469984375001 0.55092258125 0.7673773484375 0.5477551859374999 0.7786584109375 0.5321827828125001 0.7807589359375 0.5178233390625 0.7889416234375 0.498851984375 0.7782613078125 0.4961890828125 0.771517165625 0.5093907421874999 0.75674851875 0.4934517828125 0.7541066203125 0.48228731874999997 0.7634689984375 0.4566062515625 0.7642752515625 0.43754670781250005 0.7533360796874999 0.433943784375 0.743592375 0.43939372812500005 0.7398399078125 0.45246581875 0.7334613171875 0.47013602499999996 0.7199493703125001 0.47289547968749995 0.7040483562500001 0.51095396875 0.7030287093750001 0.5229564640625 0.69712236875 0.5486237375 0.6877817890625 0.544543909375 0.6830393640625 0.547738890625 0.6930576984375 0.558991546875 0.6969780984375 0.55909353125 0.707170390625 0.5379967875 0.7149657281249999 0.5443177828125 0.7063720265625 0.5649376234375 0.712576659375 0.579616815625 0.7105373687500001 0.6036218109375 0.6934705734375 0.6107478265624999 0.6986179875 0.6514278359375 0.6903898374999999 0.6765162171875 0.6954978140625 0.6777897796875 0.7000880828125 0.6771833 0.7178859796875 0.6789943734375 0.7210455875 0.6920388765625 0.7340477125 0.6952806703125 0.7449632203125 0.6752397234374999 0.7521026046875 0.6446270000000001
2 0.75 0.45859375 0.034375 0.05
2 0.9546875 0.53046875 0.05 0.06875
2 0.9234375 0.51015625 0.0265625 0.034375