1 0.85625 0.50859375 0.2875 0.4515625
1 0.63359375 0.61015625 0.3453125 0.5515625
1 0.3 0.52890625 0.1390625 0.25
1 0.14453125 0.5296875 0.090625 0.1859375
1 0.034375 0.53984375 0.06875 0.1515625
0 0.44375 0.55078125 0.1875 0.3734375
2 0.60859375 0.39765625 0.0625 0.1015625
2 0.878125 0.340625 0.05625 0.090625
2 0.84296875 0.35234375 0.05 0.075
2 0.2859375 0.43125 0.0265625 0.040625
2 0.540625 0.38125 0.0453125 0.065625
3 0.4328125 0.40625 0.0578125 0.0703125
2 0.1390625 0.4609375 0.0203125 0.0296875
2 0.31015625 0.4265625 0.021875 0.0359375
2 0.56796875 0.37734375 0.0265625 0.04375
2 0.17109375 0.4484375 0.0171875 0.0296875
2 0.1578125 0.4515625 0.0171875 0.03125
2 0.0078125 0.48359375 0.015625 0.0265625