1 0.1328125 0.578125 0.265625 0.48515625
1 0.903125 0.57421875 0.165625 0.3625
1 0.69765625 0.49609375 0.084375 0.240625
0 0.80546875 0.515625 0.078125 0.271875
1 0.54765625 0.5109375 0.1125 0.26796875
2 0.11328125 0.384375 0.040625 0.08203125
2 0.8984375 0.42578125 0.0328125 0.06171875
2 0.5359375 0.40234375 0.02265625 0.04765625
3 0.79921875 0.40078125 0.040625 0.0453125
1 0.6 0.47421875 0.0703125 0.19296875
2 0.5828125 0.3953125 0.01796875 0.03671875
2 0.690625 0.3984375 0.0234375 0.0453125
2 0.06015625 0.37109375 0.03984375 0.06796875
2 0.553125 0.4078125 0.0171875 0.04375
2 0.865625 0.4078125 0.01640625 0.0265625
2 0.96015625 0.4171875 0.01484375 0.025