1 0.24609375 0.6734375 0.4796875 0.653125
1 0.5046875 0.5109375 0.1640625 0.3546875
1 0.61875 0.475 0.1359375 0.284375
1 0.8140625 0.4203125 0.0859375 0.1859375
1 0.8921875 0.4078125 0.078125 0.1703125
2 0.15390625 0.43515625 0.0859375 0.1296875
2 0.2171875 0.45546875 0.0796875 0.125
2 0.27265625 0.4 0.04375 0.071875
2 0.48984375 0.3703125 0.040625 0.065625
3 0.06875 0.42109375 0.0578125 0.090625
1 0.37265625 0.4484375 0.1046875 0.190625
2 0.3546875 0.37734375 0.0203125 0.0390625
2 0.596875 0.36484375 0.0265625 0.05
1 0.69375 0.4390625 0.1046875 0.2296875
2 0.646875 0.35078125 0.01875 0.0328125
2 0.6640625 0.35078125 0.025 0.040625
2 0.81015625 0.34609375 0.01875 0.03125
2 0.88984375 0.34140625 0.0203125 0.03125
1 0.946875 0.38828125 0.0703125 0.1390625
2 0.83046875 0.3515625 0.0171875 0.0296875
2 0.84453125 0.3453125 0.0171875 0.0296875
2 0.69296875 0.3515625 0.01875 0.03125
3 0.5375 0.359375 0.015625 0.0296875