1 0.42109375 0.51328125 0.1390625 0.303125
1 0.68359375 0.56953125 0.2265625 0.4328125
1 0.25234375 0.503125 0.0953125 0.2625
1 0.15390625 0.4734375 0.0625 0.1640625
1 0.07890625 0.47890625 0.05625 0.1734375
1 0.01953125 0.47265625 0.0390625 0.1484375
2 0.68203125 0.39140625 0.0390625 0.0703125
2 0.41171875 0.39140625 0.0328125 0.0546875
1 0.30859375 0.4734375 0.0703125 0.2109375
2 0.28984375 0.38828125 0.0234375 0.0390625
2 0.25078125 0.39375 0.0265625 0.0421875
2 0.09375 0.4046875 0.015625 0.025
2 0.07578125 0.40703125 0.0171875 0.028125
2 0.00859375 0.41328125 0.0140625 0.0234375
2 0.21171875 0.39375 0.021875 0.0421875
2 0.1625 0.40390625 0.0140625 0.021875
2 0.1515625 0.409375 0.0140625 0.0203125