0 0.6234375 0.61171875 0.4203125 0.625
1 0.784375 0.43515625 0.275 0.3859375
2 0.765625 0.29453125 0.04375 0.0671875
3 0.56953125 0.39140625 0.0828125 0.11875
2 0.79296875 0.28671875 0.028125 0.05
1 0.5140625 0.4265625 0.1125 0.1859375
2 0.49765625 0.35703125 0.021875 0.034375
1 0.3578125 0.45703125 0.0953125 0.1765625
1 0.12890625 0.52421875 0.1015625 0.2046875
1 0.0640625 0.5328125 0.084375 0.1546875
1 0.16328125 0.490625 0.059375 0.1265625
2 0.21484375 0.40234375 0.0203125 0.0265625
2 0.3578125 0.3890625 0.0171875 0.028125
2 0.3421875 0.3890625 0.0203125 0.0328125
2 0.11328125 0.44453125 0.021875 0.034375
2 0.046875 0.4734375 0.01875 0.025