1 0.12265625 0.52578125 0.20859375 0.3546875
1 0.6109375 0.52109375 0.11796875 0.28515625
1 0.41796875 0.5234375 0.14921875 0.28984375
1 0.70859375 0.49375 0.07734375 0.19375
1 0.78671875 0.50078125 0.078125 0.20859375
1 0.85859375 0.48515625 0.06640625 0.178125
1 0.94609375 0.46875 0.046875 0.15078125
2 0.10546875 0.378125 0.0375 0.0578125
1 0.3484375 0.47109375 0.08671875 0.20625
2 0.353125 0.38828125 0.01953125 0.03984375
2 0.41796875 0.403125 0.02578125 0.04765625
2 0.6125 0.40234375 0.02421875 0.0515625
1 0.49609375 0.490625 0.09140625 0.2453125
2 0.471875 0.39140625 0.01953125 0.04375
2 0.49765625 0.41015625 0.01953125 0.0390625
2 0.51875 0.4109375 0.01953125 0.03828125
2 0.6953125 0.415625 0.0171875 0.03515625
2 0.7109375 0.415625 0.015625 0.03125
2 0.7921875 0.415625 0.021875 0.0375
2 0.8578125 0.41015625 0.01796875 0.0265625
2 0.94609375 0.40625 0.01328125 0.025