1 0.384375 0.4546875 0.10625 0.2203125
1 0.1796875 0.53984375 0.2484375 0.4484375
1 0.67109375 0.4703125 0.1078125 0.2234375
2 0.025 0.31796875 0.0390625 0.0640625
2 0.17421875 0.35859375 0.0484375 0.0828125
2 0.38125 0.36640625 0.021875 0.0375
2 0.6703125 0.3765625 0.021875 0.034375
1 0.7484375 0.43984375 0.0703125 0.1875
2 0.74375 0.36640625 0.0171875 0.0328125
1 0.83984375 0.45078125 0.0890625 0.184375
1 0.95859375 0.44140625 0.05625 0.15625
2 0.8484375 0.37421875 0.015625 0.028125
2 0.86484375 0.3703125 0.015625 0.028125
2 0.97734375 0.37578125 0.0140625 0.025
2 0.64921875 0.36328125 0.009375 0.0203125