1 0.2265625 0.64453125 0.3734375 0.6125
1 0.49375 0.5546875 0.175 0.3703125
2 0.1640625 0.38984375 0.0671875 0.10859375
2 0.2265625 0.425 0.06328125 0.08984375
2 0.4953125 0.40078125 0.03828125 0.06484375
1 0.86171875 0.5046875 0.0984375 0.22265625
2 0.87421875 0.41328125 0.02265625 0.03671875
2 0.90390625 0.40859375 0.0171875 0.03515625
2 0.91953125 0.41015625 0.0140625 0.0296875
1 0.978125 0.46875 0.04375 0.13125
2 0.98671875 0.41484375 0.0109375 0.02265625
2 0.22734375 0.36953125 0.02734375 0.04140625