1 0.1453125 0.50234375 0.290625 0.4546875
1 0.3640625 0.6078125 0.353125 0.5546875
1 0.7 0.5328125 0.1421875 0.25
1 0.8546875 0.5359375 0.09375 0.1875
1 0.96484375 0.5484375 0.0703125 0.153125
0 0.55546875 0.5515625 0.19375 0.375
2 0.39296875 0.39609375 0.0640625 0.103125
2 0.12421875 0.33359375 0.0578125 0.090625
2 0.159375 0.34609375 0.0515625 0.075
2 0.71484375 0.43515625 0.0265625 0.040625
2 0.4609375 0.38046875 0.0453125 0.065625
3 0.56875 0.40703125 0.059375 0.071875
2 0.86171875 0.4671875 0.021875 0.0296875
2 0.69140625 0.4296875 0.021875 0.0359375
2 0.434375 0.3765625 0.028125 0.04375
2 0.8296875 0.45390625 0.01875 0.0296875
2 0.84296875 0.4578125 0.01875 0.03125
2 0.99140625 0.49296875 0.0171875 0.0265625