1 0.5328125 0.61640625 0.2546875 0.4921875
1 0.1046875 0.55390625 0.209375 0.4546875
1 0.3234375 0.48359375 0.14375 0.2828125
1 0.83671875 0.45703125 0.0765625 0.1984375
2 0.05703125 0.3734375 0.0515625 0.0875
2 0.5390625 0.4140625 0.05 0.0875
2 0.31875 0.37265625 0.028125 0.0515625
1 0.43359375 0.509375 0.1421875 0.3265625
2 0.36796875 0.359375 0.021875 0.040625
2 0.44609375 0.378125 0.03125 0.059375
1 0.63046875 0.4796875 0.109375 0.2671875
2 0.6296875 0.36953125 0.0234375 0.04375
2 0.83515625 0.37734375 0.01875 0.0375
2 0.50546875 0.36640625 0.0234375 0.040625