1 0.89765625 0.4578125 0.2046875 0.3375
0 0.638553221875 0.8701747765625001 0.6461640078124999 0.8618431015624999 0.6501469015625 0.8526374359375 0.628379540625 0.847393528125 0.622898753125 0.795247315625 0.6279726109375 0.7896928640625 0.6104701734375 0.7375548875 0.608429259375 0.711408265625 0.59946651875 0.7136055796874999 0.576749209375 0.6858662546875001 0.580210121875 0.6716942875 0.5790356671875 0.6605201 0.5722653765625 0.6499340578125 0.5235627875 0.6575634906250001 0.5264547171875 0.644706615625 0.522920834375 0.6312698296875 0.5189330156249999 0.5664137828125 0.49642476562500004 0.47337730312500004 0.47708487968749996 0.42394303437499997 0.4610438515625 0.4193525546875 0.4547955390625 0.4137328171875 0.45497303906250003 0.4086929953125 0.45162717656250007 0.37013060625 0.441975475 0.3523156609375 0.41793217499999996 0.352332128125 0.4098723796875 0.3833062546875 0.4156246765625 0.417849840625 0.426581328125 0.4480805515625 0.404098371875 0.557143425 0.3966650875 0.5604352796875001 0.3925152125 0.5545949890624999 0.38132353750000003 0.55577128125 0.363659046875 0.5626490625 0.36775139375 0.5948565328125001 0.38244046875 0.5933126484375 0.393621621875 0.6122221328124999 0.394561053125 0.6548033234374999 0.3847213328125 0.6621139796875 0.3646763703125 0.7069007187499999 0.36734871875 0.779426778125 0.3851956359375 0.841570884375 0.41354526875 0.8825264374999999 0.43422166406249996 0.8841191390625 0.45058120781250005 0.8648255921875 0.476628934375 0.8771513703125 0.49455441718750004 0.8727567421875 0.49710186562500003 0.8498937375000001 0.501914734375 0.841856134375 0.5193547203125 0.8462995765624999 0.5381726265625 0.8907675390625001 0.558483503125 0.9225256625 0.57714495 0.931861896875 0.6026342125 0.925416990625 0.6184717765625 0.9011571390625001 0.62911550625 0.8611243859375 0.638553221875 0.8701747765625001
1 0.365625 0.50703125 0.1109375 0.221875
1 0.1140625 0.54375 0.090625 0.2109375
2 0.90546875 0.33046875 0.040625 0.0609375
1 0.490625 0.5515625 0.253125 0.428125
3 0.4328125 0.4 0.0546875 0.0953125
2 0.503125 0.378125 0.04375 0.065625
1 0.6547329625 0.639968628125 0.6688314890625 0.66177253125 0.6832254390625 0.661423953125 0.6956392421875 0.6484763499999999 0.6966706281249999 0.614603653125 0.70530309375 0.621846346875 0.7098444765624999 0.621369028125 0.7070170890624999 0.600709053125 0.70819359375 0.5994211093749999 0.6999775828125 0.5711774984375 0.7019336468749999 0.5523433328125 0.6920134015625 0.526607415625 0.6947392671875 0.5088566265625001 0.6914179859375 0.5022199890625 0.6779148734375 0.5048035093750001 0.6727683203125 0.4995230046875 0.6670699499999999 0.46402906406250005 0.6637584249999999 0.4387628265625 0.6569609890625 0.4115344046875 0.643467634375 0.3954883234375 0.640320740625 0.3655476375 0.6270694546875 0.3518046875 0.618064128125 0.3597369015625 0.6074079171875 0.34572119687499997 0.58867105625 0.354676234375 0.5901573078125 0.3812986 0.598252284375 0.40839064843750006 0.5900408421875001 0.44883942968749996 0.5709070390625001 0.44153618593750005 0.55914200625 0.45441560000000003 0.5536564312500001 0.477113590625 0.5643998375 0.4794772703125 0.5506689812500001 0.5298204531249999 0.58586713125 0.521463834375 0.585252203125 0.5343356109374999 0.574576478125 0.5575791078125001 0.5800763765625 0.5849439078125 0.594329778125 0.6207029656249999 0.5902725328125 0.62578654375 0.5920106109375001 0.636082440625 0.6547329625 0.639968628125
2 0.625 0.384375 0.0390625 0.0703125
1 0.6816871718749999 0.34085845 0.6716105578125 0.3380589421875 0.6626370359375 0.34575465156249996 0.6555127796875 0.3503620453125 0.65799176875 0.363606603125 0.66390456875 0.3629851421875 0.6643698515625001 0.372582746875 0.6698373203125 0.3884071546875 0.6639444734375 0.4150720875 0.6579594296875 0.42534764843749995 0.6637638671875 0.439207340625 0.6727373875 0.4315116296875 0.6767728828124999 0.423370275 0.680054121875 0.4442477203125 0.6735957109374999 0.46036093749999996 0.6660342078125 0.4659789390625 0.6669367375 0.474565934375 0.6700896578125 0.48388105625 0.6703182578125 0.496397490625 0.67894673125 0.5061017609375 0.690371203125 0.501042396875 0.69513670625 0.5101880296875 0.691903459375 0.5259622687500001 0.7005880078125 0.5568829609375 0.6962516671875 0.5621619828125 0.6995409890625 0.5676041656249999 0.7142547859375 0.5679869828124999 0.7254986515625 0.5870628734375 0.737488690625 0.5925552234375 0.7488128828125 0.5865417484375001 0.7563463484375 0.5703155375 0.757000325 0.540342628125 0.7656007609375 0.5394386859375 0.7646982312499999 0.5308516890625 0.7556966703125 0.5279391875 0.75493054375 0.515479253125 0.7605424984375 0.511995459375 0.7509193 0.47731482031250005 0.767217640625 0.46691993906249996 0.7656773046875001 0.457435328125 0.7139382890625 0.46673192031250005 0.70918895625 0.4267157640625 0.699573840625 0.376599865625 0.6830830234375 0.3696512609375 0.686653234375 0.3519123046875 0.6816871718749999 0.34085845
2 0.1078125 0.459375 0.025 0.0390625
2 0.878125 0.34375 0.028125 0.0421875
2 0.859375 0.3421875 0.0234375 0.04375
2 0.67109375 0.3625 0.034375 0.0515625
2 0.60390625 0.378125 0.0359375 0.0640625
2 0.5328125 0.37890625 0.0234375 0.0453125
1 0.03359375 0.51015625 0.0609375 0.134375
2 0.35 0.41875 0.0203125 0.0375
2 0.0203125 0.45859375 0.0140625 0.0234375