1 0.2421875 0.6796875 0.4140625 0.6296875
1 0.490625 0.55078125 0.2109375 0.4015625
1 0.65 0.48359375 0.1453125 0.2609375
1 0.8328125 0.44296875 0.0953125 0.1984375
1 0.93515625 0.42265625 0.0796875 0.1546875
2 0.20625 0.44140625 0.0734375 0.115625
1 0.39453125 0.52421875 0.2 0.3375
2 0.35703125 0.4015625 0.0453125 0.06875
2 0.6375 0.38125 0.028125 0.040625
2 0.81953125 0.37109375 0.021875 0.0328125
3 0.46640625 0.39375 0.0578125 0.075
1 0.7859375 0.43046875 0.0640625 0.165625
2 0.778125 0.36640625 0.0171875 0.0296875
2 0.79296875 0.36640625 0.01875 0.03125