1 0.88984375 0.5171875 0.2203125 0.36875
1 0.646875 0.57109375 0.21875 0.4078125
1 0.096875 0.53359375 0.134375 0.2734375
2 0.884375 0.36796875 0.0390625 0.065625
2 0.64921875 0.40625 0.0390625 0.0734375
1 0.48203125 0.4671875 0.090625 0.209375
2 0.478125 0.38359375 0.0203125 0.0390625
2 0.08671875 0.421875 0.0265625 0.0515625
1 0.1691311765625 0.4210901140625 0.16748057656249998 0.3897686640625 0.1465132 0.3901346515625 0.1477658859375 0.43028030624999997 0.13715781093749999 0.45495786093749996 0.12557057656249998 0.45516011718750005 0.122482178125 0.4679500671875 0.1269476484375 0.470811209375 0.14060049375 0.49408559375000005 0.1354759578125 0.5167080421875 0.14920190312499998 0.512549671875 0.16089171093750002 0.5182238 0.15778621875 0.530034353125 0.1567634296875 0.5663009437500001 0.16479597031249998 0.58379525625 0.159415003125 0.591726746875 0.17051884687500002 0.595451709375 0.1765665359375 0.625716709375 0.19144731406249998 0.6244772703125 0.198834946875 0.573404146875 0.2022186875 0.54591360625 0.1948575859375 0.5352654421875 0.1946742546875 0.49314173281249996 0.1885192734375 0.4883506890625 0.18771106875000002 0.4736693625 0.1924889765625 0.4628093125 0.1825446859375 0.430652934375 0.1691311765625 0.4210901140625
2 0.1578125 0.409375 0.0203125 0.0375
2 0.065625 0.415625 0.0171875 0.0296875