1 0.1203125 0.58125 0.240625 0.409375
1 0.478125 0.528125 0.19375 0.3140625
1 0.86328125 0.525 0.2234375 0.3828125
1 0.68359375 0.49140625 0.140625 0.275
1 0.78828125 0.453125 0.1015625 0.228125
2 0.06640625 0.42734375 0.0453125 0.0703125
2 0.4546875 0.41015625 0.0390625 0.0546875
2 0.85390625 0.375 0.046875 0.0671875
2 0.66953125 0.38203125 0.0328125 0.05
2 0.4328125 0.40390625 0.025 0.0453125
2 0.7703125 0.3609375 0.0234375 0.0296875
2 0.82421875 0.36171875 0.01875 0.028125
3 0.9203125 0.34140625 0.0328125 0.0328125
1 0.95859375 0.4046875 0.075 0.1546875
2 0.8140625 0.36015625 0.0140625 0.021875
1 0.6046875 0.47890625 0.15 0.2546875
2 0.94609375 0.34453125 0.021875 0.0296875