1 0.86328125 0.56171875 0.2734375 0.4453125
1 0.56796875 0.48203125 0.1609375 0.2984375
1 0.31875 0.45703125 0.09375 0.2296875
2 0.98359375 0.38828125 0.0328125 0.0546875
2 0.909375 0.39375 0.046875 0.08125
2 0.60703125 0.36484375 0.0328125 0.0515625
2 0.58125 0.38125 0.03125 0.05
1 0.4828125 0.44140625 0.0984375 0.1890625
1 0.2203125 0.4421875 0.0765625 0.20625
1 0.0796875 0.4171875 0.06875 0.1734375
1 0.16328125 0.4203125 0.075 0.1671875
1 0.7359375 0.47265625 0.125 0.24375
3 0.75546875 0.37578125 0.01875 0.0390625
2 0.63515625 0.3671875 0.0296875 0.0515625
2 0.490625 0.3671875 0.021875 0.034375
2 0.32421875 0.36328125 0.021875 0.0359375
2 0.2984375 0.36171875 0.0171875 0.034375
2 0.2234375 0.35625 0.0203125 0.034375
2 0.10390625 0.353125 0.0171875 0.0265625
2 0.08359375 0.346875 0.01875 0.0328125
2 0.16171875 0.353125 0.015625 0.028125
2 0.134375 0.34453125 0.0125 0.0203125