1 0.39375 0.546875 0.2078125 0.40625
1 0.6359375 0.6015625 0.21875 0.48125
1 0.92734375 0.4640625 0.05625 0.1734375
1 0.72734375 0.46796875 0.08125 0.1984375
1 0.8078125 0.47734375 0.0703125 0.221875
1 0.97734375 0.45703125 0.0453125 0.1609375
1 0.54609375 0.50234375 0.1171875 0.3140625
2 0.38671875 0.38203125 0.0421875 0.075
2 0.65078125 0.40234375 0.05 0.08125
2 0.53046875 0.37890625 0.034375 0.059375
2 0.92578125 0.39453125 0.0171875 0.0328125
2 0.80625 0.384375 0.01875 0.034375
2 0.9859375 0.39375 0.0171875 0.028125
2 0.49765625 0.378125 0.021875 0.046875
2 0.54609375 0.384375 0.028125 0.05625
2 0.7125 0.390625 0.0203125 0.0265625
2 0.73046875 0.39453125 0.0171875 0.0234375