1 0.09296875 0.50078125 0.1859375 0.3203125
0 0.4423962125 0.9338147078124999 0.46841951875000004 0.9375599546875 0.48600283437499997 0.9263242140625 0.5028828171875 0.8926170000000001 0.51694946875 0.84642563125 0.5338294515625 0.8401835546875001 0.5394561125 0.8476740453125 0.544379440625 0.8701455234375001 0.5626660890624999 0.8726423546875001 0.5872827296875001 0.85766136875 0.605569378125 0.8751391859375 0.6259660234375 0.8713939375 0.6498793328125 0.8276994 0.6611326546875 0.7640302140624999 0.6562093265625 0.6916221234375 0.6315926843749999 0.649176 0.6210426953125 0.6429339234375 0.6175260328125 0.6004878 0.6266693562500001 0.5805131546875 0.6414393421875 0.5805131546875 0.6421426734375 0.5480543546875001 0.6238560265624999 0.5430606921875001 0.6126027046875 0.5430606921875001 0.609086040625 0.54930276875 0.6013493828125 0.5468059375000001 0.5675894171875 0.44069063125 0.5753260765625 0.40948024531250005 0.5774360734374999 0.3745246140625 0.566182753125 0.3445626453125 0.54226944375 0.3470594765625 0.534532784375 0.3657857078125 0.5352361171875 0.40448658593750003 0.53593945 0.40948024531250005 0.5303127890625 0.41572232343750004 0.514839471875 0.42196439999999996 0.50077281875 0.47314943125 0.48811283281250006 0.568029 0.4909261625 0.6329466 0.48881616406250006 0.64667916875 0.49303616093749997 0.6591633234375001 0.44380287812499997 0.6566664921875 0.4381762171875 0.66790223125 0.4381762171875 0.67913796875 0.4430995453125 0.6928705374999999 0.4234062328125 0.7228325078125 0.4142629078125 0.7215840921875001 0.414966240625 0.7478008140625 0.40300958593749997 0.8014826765624999 0.408636246875 0.8064763375 0.408636246875 0.8589097859375 0.38753626875 0.8664002765625 0.392459596875 0.8751391859375 0.4008995875 0.8826296765625001 0.4093395796875 0.8726423546875001 0.4241095640625 0.91134323125 0.4423962125 0.9338147078124999
1 0.634375 0.49296875 0.0890625 0.2140625
1 0.88828125 0.503125 0.06953125 0.2046875
2 0.07890625 0.3734375 0.034375 0.05703125
1 0.51484375 0.55 0.21171875 0.40859375
3 0.55625 0.39375 0.0453125 0.09140625
2 0.484375 0.37890625 0.03671875 0.0625
1 0.418803865625 0.6299018890625 0.42924134687500004 0.5928488375 0.431850715625 0.5650590484375 0.418803865625 0.5430587984375 0.4168468390625 0.5303218125 0.45272567500000005 0.53495344375 0.4338077421875 0.4863213125 0.44424522343749995 0.48284758906249997 0.43641711250000004 0.46084733906249997 0.4233702640625 0.44926826093749994 0.405104675 0.4585315234375 0.3927101671875 0.41916265468749997 0.3979289078125 0.3913728640625 0.39662422343750003 0.3647409828125 0.3770539484375 0.3577935375 0.367921153125 0.3728463390625 0.3581360171875 0.3658988921875 0.3463938515625 0.38095169375000004 0.3463938515625 0.41105729999999996 0.33465168749999996 0.42842591875 0.3307376328125 0.45621570624999996 0.33008529062499997 0.48168968124999995 0.3281282625 0.5175848249999999 0.323561865625 0.5233743640624999 0.30986267343749996 0.52221645625 0.3072533046875 0.5291639046875 0.3118197 0.5465325234375 0.304643934375 0.5731644046875 0.3085579890625 0.5916909296874999 0.30333924843750004 0.6206386265625 0.304643934375 0.6217965359375001 0.3039915921875 0.6426388765625 0.3085579890625 0.6426388765625 0.3163860984375 0.6345335203125 0.3209524953125 0.66811285 0.33465168749999996 0.6796919296875 0.349003221875 0.6785340203125 0.3607453859375 0.6553758640625 0.422717921875 0.64495469375 0.4233702640625 0.6345335203125 0.418803865625 0.6299018890625
2 0.36328125 0.3984375 0.03203125 0.0671875
1 0.28862061875 0.3981370109375 0.2842967140625 0.44898342343750003 0.2837562265625 0.48927680625000003 0.23132888437500002 0.48543934218749996 0.23078839843750001 0.4950330046875 0.24808401562500002 0.5036673015625001 0.24213864687500003 0.5391638546874999 0.24808401562500002 0.5420419546875 0.248624503125 0.5545137140625 0.23997669375 0.5583511796875 0.23997669375 0.5669854765625 0.248624503125 0.5669854765625 0.25240791875 0.59672583125 0.261596215625 0.6120756921875 0.27348695312500004 0.6168725234375 0.2848372015625 0.6101569609374999 0.29402549843750003 0.5900102671874999 0.30861867656249997 0.5880915359375 0.3113211171875 0.5823353375 0.3064567234375 0.57753850625 0.3118616046875 0.54587941875 0.3069972125 0.5305295578125 0.31078062968750003 0.5209358953125001 0.322671365625 0.5247733609375 0.3302381984375 0.51422033125 0.3291572234375 0.50174856875 0.331319175 0.49215490624999997 0.331319175 0.4835206109375 0.3232118546875 0.4787237765625 0.3151045328125 0.4633739171875 0.316185509375 0.4422678578125 0.3210499015625 0.4499427890625 0.33077868593750004 0.4566583546875 0.3351025921875 0.4422678578125 0.328076246875 0.43267419531250007 0.3194284375 0.40677130625 0.3232118546875 0.3904620796875 0.322671365625 0.3808684171875 0.328616734375 0.3808684171875 0.329697709375 0.3674372890625 0.32213087812499996 0.3635998234375 0.31240209218750004 0.3568842609375 0.3026733078125 0.360721725 0.2988898921875 0.3722341203125 0.304294771875 0.3895027125 0.28862061875 0.3981370109375
2 0.8859375 0.41875 0.02109375 0.0375
2 0.1078125 0.384375 0.0234375 0.040625
2 0.12578125 0.38046875 0.01953125 0.04140625
2 0.315625 0.38125 0.0296875 0.0484375
2 0.38359375 0.38984375 0.02890625 0.06171875
2 0.4546875 0.3828125 0.01953125 0.04375
1 0.96484375 0.46171875 0.046875 0.13046875
2 0.640625 0.40390625 0.0171875 0.0359375
2 0.97265625 0.40859375 0.0125 0.021875