0 0.24140625 0.50859375 0.29375 0.4609375
1 0.45625 0.45703125 0.18125 0.278125
1 0.575 0.4625 0.1515625 0.234375
3 0.27890625 0.3359375 0.0625 0.0765625
2 0.490625 0.35390625 0.0328125 0.046875
2 0.59765625 0.384375 0.0296875 0.0421875
1 0.1 0.33046875 0.103125 0.1828125
2 0.11484375 0.2609375 0.0234375 0.0359375
1 0.359375 0.36484375 0.0640625 0.11875
1 0.053125 0.3109375 0.071875 0.140625
2 0.6171875 0.38359375 0.0265625 0.0421875
2 0.21328125 0.26640625 0.0203125 0.028125
2 0.0578125 0.25390625 0.01875 0.025
1 0.1359375 0.315625 0.059375 0.1140625