1 0.64609375 0.61171875 0.225 0.44140625
1 0.3640625 0.4421875 0.08359375 0.175
2 0.65234375 0.42890625 0.04296875 0.07734375
1 0.57578125 0.51171875 0.0890625 0.29375
2 0.59140625 0.39375 0.02734375 0.05546875
1 0.8046875 0.46953125 0.0515625 0.1984375
1 0.89375 0.46796875 0.05625 0.2015625
2 0.359375 0.371875 0.0171875 0.0328125
2 0.8921875 0.38671875 0.01796875 0.03203125
2 0.80390625 0.38828125 0.01875 0.034375
1 0.9328125 0.45546875 0.05078125 0.17109375
2 0.93046875 0.3875 0.015625 0.03203125
1 0.84375 0.4546875 0.04921875 0.1640625
2 0.84609375 0.3859375 0.0140625 0.02578125
1 0.9859375 0.43984375 0.028125 0.1265625