1 0.17265625 0.475 0.3375 0.490625
1 0.67109375 0.5359375 0.153125 0.2875
1 0.49296875 0.47578125 0.1390625 0.225
1 0.9171875 0.63203125 0.165625 0.3421875
1 0.753125 0.5171875 0.103125 0.1984375
1 0.87109375 0.56015625 0.1046875 0.2109375
2 0.95234375 0.50546875 0.046875 0.071875
2 0.69609375 0.42421875 0.0328125 0.0453125
2 0.88984375 0.48046875 0.025 0.0390625
2 0.15859375 0.2890625 0.0703125 0.1015625
1 0.3140625 0.45 0.2140625 0.3234375
2 0.33125 0.33203125 0.040625 0.0640625
2 0.1953125 0.30625 0.0640625 0.0890625
1 0.61171875 0.5078125 0.1328125 0.2375
2 0.4890625 0.3828125 0.021875 0.03125
2 0.5125 0.390625 0.028125 0.040625
2 0.7671875 0.440625 0.025 0.0375
2 0.97890625 0.5109375 0.040625 0.0625
2 0.615625 0.41328125 0.028125 0.0359375
2 0.63515625 0.4234375 0.0234375 0.03125
2 0.6515625 0.41640625 0.0234375 0.0375
3 0.4765625 0.3734375 0.015625 0.025
2 0.99609375 0.503125 0.0078125 0.021875