1 0.88828125 0.45625 0.2234375 0.3375
1 0.72734375 0.4984375 0.2234375 0.3625
1 0.51484375 0.47890625 0.1625 0.240625
1 0.28359375 0.51015625 0.1078125 0.23125
1 0.2078125 0.50546875 0.090625 0.1796875
0 0.0796875 0.61015625 0.159375 0.4046875
2 0.890625 0.32578125 0.0421875 0.0578125
2 0.71640625 0.35234375 0.0375 0.059375
2 0.49921875 0.3859375 0.025 0.040625
1 0.59453125 0.44375 0.090625 0.18125
2 0.275 0.42578125 0.025 0.034375
3 0.01875 0.44921875 0.0359375 0.0640625
1 0.43046875 0.4734375 0.0859375 0.203125
2 0.43515625 0.390625 0.01875 0.034375
2 0.321875 0.40625 0.01875 0.0359375
2 0.3078125 0.409375 0.01875 0.0328125
2 0.5953125 0.3765625 0.0203125 0.0328125
2 0.1875 0.4375 0.01875 0.03125