0 0.27109375 0.62109375 0.2671875 0.45625
1 0.4421875 0.48046875 0.165625 0.275
1 0.55078125 0.43359375 0.1390625 0.23125
3 0.22890625 0.44921875 0.0578125 0.075
2 0.42734375 0.37265625 0.0296875 0.046875
2 0.5375 0.353125 0.0265625 0.0421875
1 0.065625 0.5234375 0.0921875 0.18125
2 0.04921875 0.45390625 0.021875 0.034375
1 0.3140625 0.440625 0.0578125 0.11875
1 0.0234375 0.52578125 0.046875 0.1390625
2 0.55390625 0.34375 0.0234375 0.0421875
2 0.13984375 0.415625 0.01875 0.0265625
1 0.0921875 0.49375 0.053125 0.1140625