1 0.390625 0.45546875 0.1578125 0.2625
1 0.91875 0.6328125 0.1625 0.36875
2 0.40546875 0.35546875 0.0296875 0.046875
1 0.4412634609375 0.5489788359375 0.449259375 0.567317271875 0.4350307703125 0.5923788921875001 0.4409542375 0.6035602796874999 0.4334126921875 0.6592725078125 0.441097028125 0.6957717328124999 0.4622086046875 0.708220546875 0.48110965625 0.6941421734375 0.4922307703125 0.6765553125 0.5104484765625 0.6748881765625 0.5136539250000001 0.670843334375 0.508453925 0.6631909312500001 0.5305002375 0.621157375 0.5240090921875 0.5973666015625 0.53243225 0.572523621875 0.576687725 0.588638071875 0.5816516875 0.5734904140625 0.584543203125 0.551185709375 0.6002364515624999 0.504731525 0.584031003125 0.48964536093750005 0.5756456171875 0.494007915625 0.5769344078125 0.4737256328125 0.575876946875 0.44396666875 0.5649895171875 0.44793293749999996 0.5612163906250001 0.43936839687499996 0.5657507546875 0.4309815 0.56950381875 0.4315759265625 0.5808586171875 0.4003684703125 0.57597019375 0.37455527499999997 0.55863174375 0.3706710015625 0.54829193125 0.379276540625 0.5454004140625 0.4015812453125 0.5485680921875 0.41801682968750004 0.5441116234375001 0.421863528125 0.5312697671875 0.4300727828125 0.5158503265625 0.47884660312499994 0.511981596875 0.5032727984375 0.49947138124999996 0.501291375 0.485378503125 0.5093024875000001 0.4533016015625 0.5053601390625 0.439032871875 0.51448153125 0.430629778125 0.5472946249999999 0.4412634609375 0.5489788359375
2 0.4640625 0.37109375 0.0265625 0.0359375
1 0.4862193203125 0.719014371875 0.49751196249999996 0.7136712890625 0.503660425 0.7103661109375 0.4982736734375 0.7494502437499999 0.5063108921875 0.7849551953125 0.5255904640625 0.79514044375 0.5447221328125 0.7910389375 0.5581209609375 0.777471446875 0.565494084375 0.771507571875 0.6538295921875 0.7769405468749999 0.6630411890625 0.7898101796875 0.675583634375 0.7917967078125 0.6986096765625 0.778327684375 0.712398978125 0.7420007187500001 0.7193032515625 0.6831882828125 0.7063673781250001 0.658318121875 0.711461271875 0.63630359375 0.7018311046875 0.5905620171875 0.7184883046875 0.5817896 0.719662684375 0.5591542828125 0.7117985124999999 0.5479243921875 0.717773928125 0.52034415625 0.7064561453125 0.5156989296875001 0.6991081609375 0.5316511125 0.6769385 0.5295661171875 0.67027385 0.50568921875 0.6680922359375 0.4839487 0.665740528125 0.483576225 0.6737969875 0.4377832671875 0.6660052921874999 0.4108752 0.6468484796875 0.40498839374999995 0.629432521875 0.4236249640625 0.6249021499999999 0.44715507812500005 0.6004562078125 0.47466253593749996 0.5988410656250001 0.50008070625 0.5753298796874999 0.5876421828125 0.5309654125 0.573483878125 0.5235198109375 0.59512593125 0.530307221875 0.6233012687499999 0.5090220328124999 0.6612936687500001 0.5096106984375 0.6727975640625 0.49030893124999997 0.698267115625 0.4862193203125 0.719014371875
2 0.5640625 0.4015625 0.040625 0.0625
2 0.6484375 0.45 0.0546875 0.0859375
1 0.7637483515625 0.6221044609375 0.771886565625 0.6104924734375 0.770571075 0.5973831656249999 0.7768033890625 0.57944886875 0.7729594859375 0.5272362359375 0.7705220359375 0.524269990625 0.7804029453125 0.5077736359375 0.7812439703125 0.4932857609375 0.7877420578125001 0.47367343125000005 0.7768702968750001 0.4719515125 0.77130241875 0.48569072812499997 0.7552007984375 0.47109959375 0.7515959062500001 0.4602078703125 0.7586844046875 0.43380854218750003 0.7578264406249999 0.4147512546875 0.74661488125 0.4121154546875 0.7373832484375 0.418393878125 0.7347843671875001 0.4317432765625 0.7299701093750001 0.449902171875 0.7167500828125 0.4538287703125 0.7042265921875 0.49312829843749995 0.7042569125 0.505173990625 0.700610096875 0.5312583625 0.6909494796875 0.5280081453125 0.6865035625 0.5316042984375 0.6974645078124999 0.541940978125 0.701378878125 0.541700890625 0.7096936828125 0.519796109375 0.7180102671874999 0.5254136421875 0.7112464046875 0.5467040078125 0.718706803125 0.5607865734375 0.7187674453125 0.5848779578125 0.70238666875 0.5934643265624999 0.7110599921875 0.633540909375 0.7050497484375 0.6592509515625 0.7102492859375 0.6600744781250001 0.7147692296875 0.6590702390625001 0.7326572453125 0.6593232312499999 0.736941734375 0.6720427171875001 0.7501769234375 0.674138965625 0.759304209375 0.65322293125 0.7637483515625 0.6221044609375
2 0.74609375 0.43671875 0.03125 0.05
2 0.95546875 0.490625 0.04375 0.0671875
2 0.92265625 0.47265625 0.0234375 0.0328125