1 0.8359375 0.621875 0.328125 0.51875
1 0.378125 0.60390625 0.23125 0.4578125
2 0.84765625 0.41484375 0.059375 0.10625
1 0.6573463578125 0.7355415296875 0.6787145140625 0.7043859953125 0.677951365625 0.6840671687500001 0.7084773015625 0.6542662234375001 0.7115298953125 0.6190469234375 0.73671379375 0.5716363265625 0.73060860625 0.5648633859375 0.74281898125 0.5201619671875 0.745871575 0.4917156078125 0.7557925046875 0.4822334890625 0.759608246875 0.5039069046875 0.762660840625 0.5011977265625001 0.78173955 0.5160982 0.7886078859375 0.50797066875 0.777160659375 0.4443050125 0.7603713937500001 0.4050219484375 0.75808195 0.34271087968749997 0.7176350828125 0.34271087968749997 0.7191613796875 0.41992242031250004 0.7336612 0.4266953625 0.7153456375 0.47546054531250004 0.70084581875 0.48629725468749996 0.7084773015625 0.4592054859375 0.707714153125 0.4375320703125 0.6977932234375 0.4334683046875 0.687109146875 0.47681513593749997 0.6649778421875 0.49577937343749995 0.6665041390625001 0.5377716171875 0.6588726546875 0.5702817375 0.6375044984375 0.5702817375 0.6207152328125 0.5973735078125 0.6107943046875 0.6407203375 0.6115574515625 0.6759396375 0.62147838125 0.7111589375 0.6405570921875 0.7314777640625 0.6573463578125 0.7355415296875
2 0.73828125 0.38125 0.040625 0.075
2 0.6671875 0.37421875 0.028125 0.046875
2 0.40625 0.4140625 0.0453125 0.078125
2 0.37421875 0.43984375 0.040625 0.0671875
2 0.10390625 0.40859375 0.01875 0.0375
1 0.0375 0.4765625 0.059375 0.1625
2 0.08125 0.4078125 0.015625 0.028125
2 0.0359375 0.409375 0.015625 0.025