1 0.6421875 0.50546875 0.2515625 0.3984375
1 0.43125 0.52265625 0.178125 0.290625
1 0.23515625 0.55390625 0.11875 0.24375
1 0.30390625 0.52421875 0.1171875 0.2265625
1 0.8828125 0.52265625 0.234375 0.5484375
1 0.0953125 0.56015625 0.0984375 0.19375
2 0.9390625 0.30078125 0.078125 0.10625
2 0.6359375 0.36328125 0.0484375 0.0703125
2 0.41015625 0.41328125 0.0328125 0.05
2 0.5984375 0.3578125 0.0359375 0.0546875
2 0.38203125 0.4140625 0.0265625 0.0421875
2 0.2921875 0.43671875 0.025 0.040625
2 0.2265625 0.45625 0.025 0.0375
2 0.21328125 0.4640625 0.021875 0.0421875
1 0.18203125 0.5359375 0.0796875 0.1734375
2 0.1734375 0.46875 0.0203125 0.0328125
1 0.0546875 0.64375 0.109375 0.321875
2 0.0828125 0.4875 0.028125 0.0390625
2 0.01171875 0.5203125 0.0234375 0.05625