1 0.65546875 0.53203125 0.2015625 0.371875
1 0.4640625 0.46640625 0.1453125 0.271875
1 0.275 0.4421875 0.0875 0.2109375
1 0.83828125 0.5984375 0.3234375 0.53125
2 0.86015625 0.390625 0.0578125 0.0953125
2 0.69296875 0.384375 0.0421875 0.0671875
1 0.1890625 0.42734375 0.071875 0.1921875
1 0.128125 0.409375 0.0796875 0.153125
1 0.053125 0.4046875 0.0671875 0.1609375
2 0.528125 0.3640625 0.0265625 0.0453125
2 0.4953125 0.3609375 0.0265625 0.0484375
2 0.47578125 0.3765625 0.025 0.0453125
2 0.42578125 0.36328125 0.01875 0.03125
2 0.278125 0.35859375 0.021875 0.0375
2 0.25078125 0.3546875 0.01875 0.0328125
2 0.0546875 0.34140625 0.01875 0.028125
2 0.19140625 0.35078125 0.021875 0.0328125
2 0.1296875 0.34921875 0.015625 0.0296875
3 0.64453125 0.3734375 0.0140625 0.0359375