1 0.1125 0.5015625 0.22421875 0.3453125
1 0.38671875 0.50546875 0.13671875 0.28046875
1 0.640625 0.53828125 0.13125 0.29453125
1 0.903125 0.4859375 0.0609375 0.1953125
2 0.06796875 0.359375 0.0328125 0.06015625
2 0.10625 0.36484375 0.03828125 0.0671875
2 0.63984375 0.4171875 0.028125 0.04921875
2 0.9015625 0.40625 0.01953125 0.03203125
2 0.9828125 0.4125 0.0140625 0.02578125
2 0.39453125 0.39140625 0.02578125 0.05078125
1 0.85625 0.45390625 0.0390625 0.12421875
2 0.85 0.403125 0.01015625 0.021875