1 0.81953125 0.5640625 0.3609375 0.565625
1 0.29296875 0.49375 0.1125 0.2640625
1 0.446875 0.49140625 0.13125 0.2828125
1 0.15078125 0.59140625 0.190625 0.3875
2 0.83828125 0.33984375 0.0625 0.10625
2 0.1265625 0.43984375 0.0453125 0.078125
2 0.2859375 0.38828125 0.0265625 0.0421875
2 0.97421875 0.33203125 0.034375 0.0796875
2 0.7296875 0.34609375 0.03125 0.0484375
1 0.6625 0.49140625 0.1703125 0.3375
2 0.67421875 0.359375 0.0390625 0.06875
1 0.5203125 0.46875 0.1078125 0.246875
2 0.50859375 0.37265625 0.025 0.0421875
2 0.46484375 0.36484375 0.0203125 0.03125
2 0.42890625 0.378125 0.028125 0.0453125
2 0.38203125 0.37578125 0.0203125 0.0359375
1 0.3421875 0.4640625 0.0703125 0.19375
2 0.3265625 0.38671875 0.0171875 0.0328125
2 0.10546875 0.4125 0.01875 0.034375