1 0.13984375 0.61015625 0.2796875 0.3921875
1 0.6125 0.4953125 0.1796875 0.3046875
1 0.425 0.54140625 0.2109375 0.315625
1 0.7015625 0.446875 0.11875 0.20625
1 0.7796875 0.4359375 0.1234375 0.2203125
1 0.84609375 0.4046875 0.1046875 0.1890625
1 0.92734375 0.36953125 0.0796875 0.1578125
2 0.08828125 0.4703125 0.05 0.0640625
1 0.34609375 0.50625 0.13125 0.2203125
2 0.33203125 0.42421875 0.028125 0.04375
2 0.3984375 0.42421875 0.0359375 0.0515625
2 0.5875 0.3796875 0.0359375 0.05625
1 0.49375 0.49140625 0.14375 0.259375
2 0.4484375 0.40078125 0.028125 0.046875
2 0.47734375 0.41328125 0.028125 0.0421875
2 0.4984375 0.409375 0.028125 0.0421875
2 0.67109375 0.37421875 0.025 0.0375
2 0.68671875 0.3703125 0.021875 0.034375
2 0.765625 0.35234375 0.0296875 0.0421875
2 0.828125 0.33203125 0.0234375 0.0296875
2 0.91328125 0.30859375 0.01875 0.028125