1 0.2140625 0.52890625 0.2140625 0.3671875
1 0.43203125 0.56640625 0.1921875 0.403125
1 0.5734375 0.50703125 0.1328125 0.303125
1 0.72109375 0.48671875 0.096875 0.2296875
1 0.86015625 0.47421875 0.0765625 0.2
1 0.9453125 0.4609375 0.0578125 0.16875
2 0.20625 0.38046875 0.0375 0.0703125
2 0.434375 0.40625 0.0421875 0.078125
2 0.55859375 0.39296875 0.03125 0.053125
2 0.6953125 0.3875 0.0203125 0.034375
2 0.7171875 0.3921875 0.0234375 0.0375
1 0.77421875 0.46171875 0.053125 0.1765625
2 0.76796875 0.390625 0.0171875 0.0328125
2 0.846875 0.39140625 0.01875 0.0328125
2 0.9421875 0.39296875 0.0171875 0.0296875
1 0.98125 0.446875 0.0375 0.15
2 0.9546875 0.396875 0.0125 0.021875
2 0.86015625 0.3984375 0.0109375 0.0359375