1 0.3421875 0.51796875 0.1703125 0.35859375
1 0.5390625 0.46953125 0.12265625 0.26171875
1 0.72890625 0.46171875 0.06953125 0.20546875
1 0.15234375 0.56875 0.2828125 0.5078125
2 0.15078125 0.359375 0.05078125 0.090625
2 0.31796875 0.36796875 0.0359375 0.06484375
1 0.81640625 0.4546875 0.05546875 0.18828125
1 0.878125 0.4421875 0.06640625 0.14765625
1 0.953125 0.44375 0.053125 0.15703125
2 0.48359375 0.36171875 0.02265625 0.04296875
2 0.5171875 0.36171875 0.02265625 0.046875
2 0.53515625 0.37890625 0.021875 0.04296875
2 0.5859375 0.3703125 0.01640625 0.03046875
2 0.73359375 0.378125 0.01875 0.03671875
2 0.7609375 0.37734375 0.01640625 0.03125
2 0.9578125 0.38046875 0.01640625 0.02734375
2 0.8203125 0.378125 0.01875 0.03203125
2 0.88203125 0.38203125 0.0125 0.028125
3 0.3671875 0.36171875 0.01171875 0.03515625