1 0.175 0.54375 0.24921875 0.44921875
1 0.675 0.49921875 0.09765625 0.2734375
1 0.48828125 0.47734375 0.096875 0.21015625
1 0.94296875 0.540625 0.1140625 0.32578125
1 0.75078125 0.4640625 0.06484375 0.1890625
1 0.87578125 0.48125 0.06328125 0.20234375
2 0.94375 0.4109375 0.03359375 0.06640625
2 0.67578125 0.38515625 0.025 0.04140625
2 0.87734375 0.4 0.0171875 0.03671875
2 0.121875 0.36484375 0.0515625 0.0921875
1 0.3078125 0.48984375 0.1546875 0.2984375
2 0.3 0.37109375 0.0296875 0.05859375
2 0.16171875 0.3734375 0.0484375 0.08046875
1 0.6109375 0.484375 0.0875 0.225
2 0.46484375 0.3875 0.01640625 0.02890625
2 0.48984375 0.390625 0.02109375 0.03671875
2 0.74921875 0.38671875 0.01875 0.03359375
2 0.9703125 0.4109375 0.0296875 0.0578125
2 0.5953125 0.39140625 0.02265625 0.03203125
2 0.61640625 0.396875 0.01875 0.028125
2 0.63125 0.38671875 0.01640625 0.034375
3 0.45078125 0.38125 0.01171875 0.02265625
2 0.990625 0.39921875 0.0109375 0.0203125