1 0.134375 0.5609375 0.26875 0.4515625
1 0.41484375 0.52265625 0.16875 0.31328125
1 0.6890625 0.5171875 0.1 0.27265625
1 0.81015625 0.5765625 0.1640625 0.36640625
2 0.0921875 0.38515625 0.04765625 0.084375
1 0.2265625 0.48828125 0.175 0.29609375
2 0.2109375 0.37109375 0.034375 0.0578125
2 0.41796875 0.3921875 0.028125 0.053125
2 0.790625 0.4296875 0.03671875 0.071875
1 0.61953125 0.49609375 0.06953125 0.23984375
2 0.6234375 0.3984375 0.021875 0.0390625
1 0.5140625 0.4890625 0.0875 0.2390625
2 0.50390625 0.3921875 0.02265625 0.0453125
2 0.67734375 0.40546875 0.02109375 0.04375
2 0.69375 0.41328125 0.015625 0.04765625
1 0.8796875 0.48203125 0.06171875 0.18046875
1 0.97109375 0.47578125 0.0578125 0.13671875
2 0.11640625 0.37109375 0.04140625 0.07109375
2 0.76796875 0.40546875 0.01640625 0.02421875
2 0.84453125 0.403125 0.0140625 0.0265625
2 0.87734375 0.40859375 0.01640625 0.03515625
2 0.96640625 0.41953125 0.0140625 0.0265625
2 0.81640625 0.44765625 0.03359375 0.06953125