1 0.5234375 0.48515625 0.165625 0.278125
1 0.6390625 0.43515625 0.11875 0.2296875
1 0.06640625 0.53203125 0.1328125 0.2953125
2 0.00546875 0.42578125 0.0109375 0.0578125
2 0.62421875 0.34765625 0.025 0.040625
2 0.51015625 0.3796875 0.0328125 0.0515625
1 0.765625 0.4265625 0.11875 0.2125
1 0.89609375 0.39765625 0.075 0.1765625
1 0.85703125 0.39453125 0.071875 0.159375
1 0.9578125 0.3734375 0.0765625 0.1484375
2 0.946875 0.31328125 0.0171875 0.0234375
3 0.8859375 0.32578125 0.015625 0.0265625
2 0.8578125 0.33203125 0.01875 0.03125
2 0.765625 0.33984375 0.0203125 0.0328125