1 0.6140625 0.521875 0.2796875 0.4359375
1 0.38984375 0.6296875 0.30625 0.5109375
1 0.075 0.56171875 0.0890625 0.1796875
1 0.27109375 0.51953125 0.1171875 0.209375
1 0.1953125 0.546875 0.1109375 0.2296875
1 0.03046875 0.565625 0.0609375 0.165625
1 0.45546875 0.5125 0.175 0.328125
2 0.58359375 0.359375 0.0546875 0.08125
2 0.33125 0.43828125 0.0640625 0.0875
2 0.44296875 0.3890625 0.04375 0.065625
2 0.06171875 0.49296875 0.0234375 0.0359375
2 0.175 0.45625 0.025 0.0375
2 0.00703125 0.50546875 0.0140625 0.0296875
2 0.475 0.38046875 0.0296875 0.05
2 0.42890625 0.39765625 0.0390625 0.0609375
2 0.26875 0.44140625 0.025 0.0296875
2 0.2515625 0.44921875 0.0203125 0.025