1 0.22109375 0.5265625 0.3421875 0.53125
0 0.334375 0.6390625 0.4390625 0.71875
1 0.584375 0.50625 0.1421875 0.240625
1 0.834375 0.56328125 0.121875 0.2375
1 0.96328125 0.54921875 0.0734375 0.1703125
1 0.08203125 0.41328125 0.1640625 0.2734375
3 0.4109375 0.3640625 0.065625 0.1140625
2 0.22265625 0.32109375 0.059375 0.09375
2 0.275 0.33828125 0.0671875 0.0984375
2 0.05 0.30703125 0.0359375 0.0484375
2 0.846875 0.47265625 0.0328125 0.046875
2 0.98203125 0.4859375 0.021875 0.0328125
1 0.91796875 0.525 0.0765625 0.14375
2 0.07109375 0.30625 0.0328125 0.046875
2 0.60546875 0.415625 0.0234375 0.040625
2 0.92890625 0.46953125 0.015625 0.025
2 0.96015625 0.48125 0.0140625 0.0203125