1 0.22109375 0.56796875 0.2609375 0.390625
1 0.4421875 0.575 0.24375 0.421875
1 0.57421875 0.49609375 0.1734375 0.315625
1 0.71640625 0.45625 0.1265625 0.2390625
1 0.853125 0.42421875 0.103125 0.2078125
1 0.93515625 0.39921875 0.08125 0.1734375
2 0.19296875 0.42265625 0.0453125 0.0734375
2 0.421875 0.41640625 0.0515625 0.0828125
2 0.54375 0.3859375 0.0390625 0.05625
2 0.678125 0.36171875 0.025 0.0375
2 0.7 0.36328125 0.028125 0.040625
1 0.76640625 0.4234375 0.0765625 0.18125
2 0.75 0.3546875 0.021875 0.0359375
2 0.82890625 0.34453125 0.021875 0.0359375
2 0.92265625 0.3328125 0.0203125 0.03125
1 0.9703125 0.38125 0.0578125 0.1515625
2 0.9359375 0.334375 0.015625 0.0234375
2 0.8421875 0.34921875 0.015625 0.0359375