1 0.55625 0.60703125 0.35 0.53125
1 0.13671875 0.63515625 0.2734375 0.4859375
1 0.3234375 0.5203125 0.196875 0.303125
1 0.8203125 0.38828125 0.115625 0.2078125
2 0.040625 0.46796875 0.06875 0.0953125
2 0.5203125 0.4078125 0.0671875 0.0953125
2 0.29609375 0.41328125 0.0375 0.05625
1 0.4375 0.5234375 0.20625 0.346875
2 0.34140625 0.38984375 0.0296875 0.04375
2 0.421875 0.3921875 0.0421875 0.0640625
1 0.6234375 0.453125 0.1625 0.28125
2 0.6 0.3453125 0.0328125 0.046875
2 0.80234375 0.3109375 0.0265625 0.040625
2 0.47734375 0.36796875 0.03125 0.04375