1 0.12265625 0.53828125 0.24453125 0.41796875
1 0.40234375 0.5296875 0.17734375 0.38984375
1 0.64609375 0.4640625 0.09765625 0.23671875
2 0.09921875 0.37109375 0.05078125 0.07890625
2 0.40390625 0.36875 0.03671875 0.065625
1 0.52890625 0.49375 0.13046875 0.29921875
2 0.51640625 0.37265625 0.02890625 0.0546875
2 0.14921875 0.3734375 0.0296875 0.0546875
1 0.29609375 0.44453125 0.1015625 0.2046875
2 0.29921875 0.3609375 0.01953125 0.0375
2 0.60078125 0.3640625 0.0203125 0.03828125
2 0.62734375 0.36640625 0.0234375 0.04296875
2 0.6421875 0.37890625 0.02109375 0.03828125
2 0.66328125 0.3703125 0.01796875 0.03203125
1 0.78515625 0.45625 0.06640625 0.19140625
1 0.86640625 0.45 0.06015625 0.17265625
1 0.92421875 0.43828125 0.0546875 0.1421875
1 0.96328125 0.421875 0.0375 0.11484375
2 0.790625 0.37890625 0.0171875 0.0328125
2 0.82265625 0.38046875 0.01328125 0.02890625
2 0.80703125 0.3859375 0.015625 0.03046875
2 0.86875 0.3796875 0.01640625 0.03203125
2 0.84609375 0.37890625 0.0140625 0.02890625
2 0.9296875 0.38125 0.0125 0.02421875
2 0.96171875 0.375 0.00859375 0.01875