1 0.73515625 0.4671875 0.196875 0.2875
1 0.5859375 0.46953125 0.1421875 0.240625
1 0.4734375 0.51484375 0.1515625 0.2796875
1 0.06953125 0.53671875 0.075 0.184375
0 0.31640625 0.62734375 0.2640625 0.5234375
1 0.2125 0.55078125 0.1515625 0.3265625
2 0.23125 0.41953125 0.034375 0.0625
2 0.2046875 0.43125 0.034375 0.0625
2 0.71640625 0.3578125 0.03125 0.053125
2 0.5734375 0.3765625 0.0265625 0.046875
2 0.47421875 0.4015625 0.03125 0.05
3 0.26640625 0.42265625 0.0453125 0.0859375
2 0.06171875 0.4625 0.021875 0.034375
2 0.784375 0.35546875 0.025 0.0390625
2 0.7671875 0.3546875 0.0234375 0.040625
2 0.43359375 0.3953125 0.0234375 0.0421875
2 0.3 0.4234375 0.0203125 0.0375