1 0.853125 0.5203125 0.29375 0.471875
1 0.48046875 0.5140625 0.1625 0.2953125
1 0.2828125 0.51171875 0.1078125 0.2125
1 0.16640625 0.546875 0.1015625 0.1984375
1 0.06484375 0.55625 0.075 0.1703125
2 0.84296875 0.34609375 0.065625 0.084375
2 0.46484375 0.39765625 0.03125 0.046875
2 0.2734375 0.4265625 0.021875 0.034375
2 0.15546875 0.465625 0.0203125 0.0265625
2 0.0515625 0.4890625 0.0203125 0.0296875
1 0.02578125 0.55078125 0.0515625 0.1546875
2 0.00234375 0.490625 0.0046875 0.021875
2 0.0375 0.48984375 0.015625 0.0265625