0 0.37265625 0.6078125 0.4375 0.63125
1 0.21875 0.425 0.284375 0.3890625
2 0.2421875 0.28515625 0.0453125 0.06875
3 0.434375 0.3890625 0.0859375 0.1203125
2 0.2140625 0.2765625 0.0296875 0.05
1 0.48828125 0.4265625 0.1171875 0.1875
2 0.5078125 0.35703125 0.0234375 0.034375
1 0.64375 0.46171875 0.1 0.178125
1 0.86953125 0.5375 0.1078125 0.20625
1 0.93515625 0.54765625 0.0890625 0.1546875
1 0.83671875 0.50234375 0.0640625 0.1265625
2 0.78828125 0.4125 0.0203125 0.0265625
2 0.6453125 0.39375 0.01875 0.028125
2 0.66171875 0.39453125 0.021875 0.0328125
2 0.88828125 0.45859375 0.0234375 0.034375
2 0.95390625 0.4890625 0.0203125 0.025