1 0.846875 0.51328125 0.2359375 0.3875
1 0.63828125 0.4625 0.128125 0.23125
1 0.43671875 0.48046875 0.1203125 0.25625
1 0.2875 0.46484375 0.0828125 0.2359375
1 0.13359375 0.4421875 0.071875 0.1953125
2 0.9109375 0.36328125 0.0421875 0.0796875
2 0.86640625 0.3828125 0.0390625 0.0671875
1 0.0578125 0.43046875 0.0625 0.1703125
1 0.2171875 0.44296875 0.0671875 0.190625
2 0.6484375 0.371875 0.025 0.04375
1 0.346875 0.4421875 0.0703125 0.1875
2 0.44140625 0.37421875 0.0234375 0.0421875
2 0.4078125 0.371875 0.01875 0.0375
2 0.35234375 0.36640625 0.01875 0.0296875
2 0.2921875 0.36796875 0.021875 0.0359375
2 0.1375 0.36328125 0.0171875 0.0328125
2 0.2015625 0.36796875 0.0171875 0.03125
2 0.2203125 0.36796875 0.01875 0.0375
2 0.16015625 0.3625 0.0140625 0.0265625
2 0.05859375 0.36015625 0.0140625 0.028125