1 0.221875 0.646875 0.34375 0.59375
1 0.484375 0.54921875 0.165625 0.384375
1 0.65078125 0.50234375 0.115625 0.25
1 0.8375 0.48359375 0.071875 0.190625
1 0.94140625 0.4765625 0.0625 0.146875
2 0.215625 0.40625 0.059375 0.109375
1 0.3921875 0.5109375 0.1625 0.31875
2 0.3703125 0.38515625 0.0375 0.0640625
2 0.65078125 0.39921875 0.0234375 0.0375
2 0.8328125 0.4109375 0.01875 0.03125
3 0.4796875 0.390625 0.05 0.06875
1 0.7921875 0.465625 0.0453125 0.1609375
2 0.7921875 0.4015625 0.0125 0.028125
2 0.80703125 0.403125 0.015625 0.028125