1 0.171875 0.6546875 0.34296875 0.63984375
1 0.6390625 0.509375 0.10546875 0.2796875
1 0.87421875 0.57734375 0.16796875 0.365625
2 0.10234375 0.3921875 0.08046875 0.1171875
2 0.6390625 0.3921875 0.021875 0.04453125
2 0.8828125 0.42890625 0.034375 0.06171875
1 0.8265625 0.459375 0.05234375 0.1796875
2 0.83125 0.38671875 0.01484375 0.03125
2 0.91796875 0.38671875 0.0171875 0.0296875
1 0.96484375 0.45390625 0.05703125 0.16171875
2 0.9625 0.3890625 0.01640625 0.03046875
1 0.44296875 0.43984375 0.07578125 0.16875
2 0.4453125 0.37265625 0.0171875 0.03125
2 0.8765625 0.3828125 0.0125 0.0234375