1 0.2734375 0.6796875 0.4125 0.6203125
1 0.45859375 0.5578125 0.225 0.3875
1 0.659375 0.47109375 0.1234375 0.234375
1 0.80234375 0.44609375 0.1109375 0.225
1 0.865625 0.42421875 0.0828125 0.1640625
1 0.915625 0.4171875 0.0828125 0.171875
1 0.5859375 0.44453125 0.0859375 0.1703125
1 0.7296875 0.4453125 0.0984375 0.203125
2 0.1671875 0.46953125 0.090625 0.1328125
2 0.23046875 0.490625 0.0734375 0.1203125
1 0.5203125 0.478125 0.1234375 0.225
2 0.50234375 0.39296875 0.0265625 0.0390625
2 0.41328125 0.4171875 0.040625 0.065625
2 0.64765625 0.38203125 0.025 0.040625
2 0.57265625 0.38046875 0.0171875 0.0296875
1 0.9703125 0.39765625 0.059375 0.1546875
2 0.440625 0.421875 0.034375 0.0671875
2 0.70625 0.3640625 0.0203125 0.028125
2 0.7875 0.3578125 0.0234375 0.040625
2 0.84765625 0.36171875 0.0203125 0.0296875
2 0.859375 0.359375 0.0171875 0.025
2 0.97421875 0.33671875 0.015625 0.025
2 0.90859375 0.35234375 0.025 0.0359375
2 0.20234375 0.4234375 0.0375 0.0625