1 0.8421875 0.5265625 0.2234375 0.3578125
1 0.68515625 0.56171875 0.228125 0.4140625
1 0.3921875 0.5 0.103125 0.2484375
1 0.25859375 0.48359375 0.0796875 0.2234375
0 0.1625 0.49921875 0.0734375 0.253125
1 0.10078125 0.47265625 0.0578125 0.178125
1 0.03828125 0.5578125 0.0765625 0.334375
2 0.68671875 0.39140625 0.0390625 0.06875
2 0.821875 0.3796875 0.0375 0.0609375
2 0.40625 0.4 0.025 0.046875
2 0.265625 0.39375 0.025 0.0453125
3 0.165625 0.396875 0.0390625 0.0421875
2 0.3890625 0.4046875 0.0171875 0.0375
2 0.37890625 0.39375 0.015625 0.034375
2 0.01328125 0.41640625 0.025 0.053125
2 0.10078125 0.40078125 0.015625 0.0296875