1 0.73671875 0.48359375 0.19375 0.3453125
1 0.44453125 0.5296875 0.159375 0.2859375
1 0.2578125 0.540625 0.109375 0.253125
1 0.171875 0.5296875 0.0859375 0.2078125
1 0.11796875 0.52265625 0.0703125 0.165625
0 0.053125 0.5296875 0.05625 0.1734375
1 0.32734375 0.509375 0.134375 0.2296875
2 0.734375 0.3453125 0.0359375 0.0609375
2 0.43984375 0.4125 0.0265625 0.04375
3 0.04140625 0.4625 0.03125 0.034375
2 0.24296875 0.43828125 0.0234375 0.0390625
2 0.296875 0.428125 0.0171875 0.03125
2 0.1671875 0.44296875 0.0203125 0.03125
2 0.11796875 0.45546875 0.0171875 0.0265625