1 0.34609375 0.53203125 0.178125 0.3359375
1 0.56171875 0.6234375 0.23046875 0.46484375
1 0.73828125 0.50625 0.0828125 0.24140625
1 0.8125 0.48671875 0.0609375 0.1828125
0 0.9265625 0.4875 0.04296875 0.19296875
2 0.33984375 0.39921875 0.0328125 0.06015625
2 0.5765625 0.43203125 0.04765625 0.08125
2 0.73671875 0.403125 0.01953125 0.03125
3 0.92734375 0.40703125 0.0296875 0.03203125
2 0.80078125 0.4125 0.01640625 0.0328125
2 0.7859375 0.40859375 0.0140625 0.0265625
2 0.3171875 0.3890625 0.025 0.05