1 0.6796875 0.5015625 0.09609375 0.26015625
1 0.50390625 0.615625 0.2890625 0.50546875
1 0.165625 0.5484375 0.25703125 0.42421875
2 0.16328125 0.37890625 0.0484375 0.07578125
2 0.4859375 0.41171875 0.0578125 0.0953125
2 0.68125 0.39375 0.021875 0.04140625
1 0.8515625 0.45546875 0.04453125 0.16640625
1 0.940625 0.46015625 0.04921875 0.17265625
1 0.89765625 0.44921875 0.04765625 0.153125
2 0.9421875 0.3875 0.01640625 0.02578125
2 0.90625 0.38515625 0.0125 0.02578125
2 0.8546875 0.38828125 0.01484375 0.0296875
1 0.984375 0.446875 0.03125 0.153125