1 0.75078125 0.67421875 0.4984375 0.6515625
1 0.0859375 0.45859375 0.171875 0.3703125
1 0.32421875 0.45 0.14375 0.2640625
2 0.86015625 0.4125 0.053125 0.0703125
2 0.8 0.44296875 0.0921875 0.1265625
1 0.66171875 0.5484375 0.1984375 0.390625
2 0.72265625 0.41171875 0.05 0.075
2 0.3390625 0.34921875 0.0328125 0.053125
1 0.6203125 0.4765625 0.1359375 0.225
1 0.1375 0.3921875 0.0890625 0.18125
2 0.08515625 0.31328125 0.0421875 0.059375
2 0.1515625 0.32109375 0.0234375 0.0328125
2 0.63828125 0.39453125 0.0265625 0.0421875
1 0.934375 0.56328125 0.13125 0.3046875
2 0.99140625 0.45859375 0.0171875 0.0671875