1 0.5203125 0.5390625 0.159375 0.3390625
1 0.3796875 0.503125 0.1015625 0.215625
1 0.73671875 0.5265625 0.196875 0.3375
1 0.28984375 0.5171875 0.1015625 0.2390625
1 0.19375 0.49921875 0.0796875 0.1921875
1 0.09453125 0.48828125 0.053125 0.1578125
1 0.02734375 0.50078125 0.0546875 0.1546875
2 0.7328125 0.3921875 0.034375 0.0609375
1 0.6546875 0.49140625 0.121875 0.2796875
2 0.68046875 0.3796875 0.034375 0.053125
2 0.5125 0.4015625 0.034375 0.0625
2 0.28203125 0.4234375 0.0296875 0.0484375
2 0.77734375 0.375 0.025 0.0453125
2 0.6234375 0.4015625 0.028125 0.0484375
2 0.596875 0.4046875 0.025 0.046875
2 0.39296875 0.4171875 0.0265625 0.04375
2 0.375 0.41953125 0.021875 0.0390625
2 0.19375 0.4203125 0.0171875 0.03125
2 0.09453125 0.421875 0.0140625 0.025
2 0.01328125 0.43828125 0.015625 0.025