1 0.12421875 0.59921875 0.2484375 0.49765625
1 0.53515625 0.53359375 0.13828125 0.325
1 0.328125 0.51484375 0.18359375 0.3140625
1 0.80625 0.484375 0.06328125 0.19453125
1 0.69375 0.49609375 0.08359375 0.2203125
0 0.8859375 0.49921875 0.05859375 0.23125
1 0.95625 0.4796875 0.0640625 0.1546875
2 0.10078125 0.39375 0.05078125 0.08828125
2 0.53359375 0.39375 0.028125 0.046875
3 0.88203125 0.40390625 0.03515625 0.03984375
2 0.6859375 0.40625 0.01875 0.0421875
2 0.2421875 0.384375 0.025 0.04921875
2 0.33671875 0.384375 0.028125 0.0515625
2 0.7 0.41171875 0.0109375 0.03515625
2 0.9609375 0.415625 0.01484375 0.0265625
2 0.8046875 0.40390625 0.0203125 0.03359375
2 0.9265625 0.40859375 0.0109375 0.0203125