0 0.40234375 0.63515625 0.30859375 0.5734375
1 0.20859375 0.4953125 0.20625 0.35
2 0.19765625 0.35390625 0.03125 0.0625
3 0.409375 0.40859375 0.06171875 0.1078125
2 0.16875 0.35234375 0.01875 0.046875
1 0.47109375 0.43125 0.07734375 0.17421875
2 0.47265625 0.359375 0.015625 0.03125
1 0.63046875 0.428125 0.06171875 0.16796875
1 0.86796875 0.446875 0.06171875 0.196875
1 0.93359375 0.44140625 0.0546875 0.14609375
1 0.82734375 0.42109375 0.03515625 0.121875
2 0.75859375 0.3453125 0.015625 0.02421875
2 0.615625 0.36171875 0.0125 0.02578125
2 0.63125 0.35859375 0.01484375 0.0296875
2 0.86640625 0.365625 0.015625 0.03203125
2 0.9375 0.3796875 0.01484375 0.021875