1 0.38515625 0.45234375 0.103125 0.21796875
1 0.17890625 0.534375 0.240625 0.44375
1 0.671875 0.4734375 0.10390625 0.22109375
2 0.028125 0.309375 0.0375 0.06328125
2 0.1765625 0.353125 0.04765625 0.08203125
2 0.38359375 0.3640625 0.021875 0.0375
2 0.67265625 0.3796875 0.02109375 0.03359375
1 0.74921875 0.44453125 0.06640625 0.1859375
2 0.74609375 0.3703125 0.01640625 0.0328125
1 0.840625 0.45703125 0.08515625 0.1828125
1 0.959375 0.44921875 0.05390625 0.15546875
2 0.85078125 0.38046875 0.015625 0.02734375
2 0.8671875 0.3765625 0.01484375 0.02734375
2 0.9796875 0.384375 0.0140625 0.02421875
2 0.6515625 0.365625 0.009375 0.0203125