1 0.2625 0.4921875 0.16953125 0.271875
1 0.41171875 0.47890625 0.11953125 0.2296875
1 0.528125 0.51171875 0.12421875 0.26875
1 0.93203125 0.49140625 0.05625 0.17890625
0 0.69609375 0.6078125 0.2125 0.50390625
1 0.79140625 0.5203125 0.11953125 0.315625
2 0.75859375 0.3921875 0.02890625 0.06015625
2 0.78671875 0.40078125 0.028125 0.059375
2 0.2703125 0.38125 0.0265625 0.05
2 0.4140625 0.38515625 0.02265625 0.04453125
2 0.515625 0.39921875 0.0265625 0.04765625
3 0.72421875 0.3984375 0.03671875 0.08203125
2 0.93203125 0.4171875 0.01796875 0.03203125
2 0.20234375 0.3859375 0.021875 0.03671875
2 0.21875 0.38359375 0.01953125 0.0390625
2 0.55546875 0.3890625 0.01875 0.03984375
2 0.690625 0.403125 0.01640625 0.03671875