1 0.525 0.48828125 0.1296875 0.2625
1 0.646875 0.45546875 0.08828125 0.21953125
1 0.05703125 0.47109375 0.1140625 0.2828125
2 0.0125 0.35625 0.02265625 0.0546875
2 0.64453125 0.36640625 0.01953125 0.0390625
2 0.5265625 0.38203125 0.0265625 0.04765625
1 0.7734375 0.4640625 0.09140625 0.20234375
1 0.90625 0.45390625 0.05234375 0.1703125
1 0.86796875 0.4453125 0.0515625 0.15390625
1 0.97109375 0.43828125 0.05703125 0.1421875
2 0.96875 0.37734375 0.0140625 0.02109375
3 0.90625 0.38125 0.0125 0.02578125
2 0.87734375 0.38359375 0.01484375 0.0296875
2 0.78515625 0.378125 0.015625 0.03125