1 0.190625 0.55234375 0.240625 0.375
1 0.34765625 0.4984375 0.1765625 0.2859375
1 0.57265625 0.49453125 0.1703125 0.3265625
1 0.73515625 0.4328125 0.1015625 0.240625
1 0.83125 0.41328125 0.09375 0.20625
1 0.96328125 0.37734375 0.06875 0.153125
2 0.1625 0.41640625 0.0421875 0.0640625
2 0.33125 0.3875 0.034375 0.0484375
1 0.6421875 0.45390625 0.1234375 0.2453125
1 0.49453125 0.48046875 0.1359375 0.2828125
2 0.484375 0.36484375 0.028125 0.04375
2 0.9640625 0.315625 0.0171875 0.028125
2 0.72734375 0.3359375 0.0265625 0.0390625
2 0.6328125 0.3625 0.03125 0.0515625
3 0.553125 0.36484375 0.0328125 0.0515625
2 0.81640625 0.33203125 0.021875 0.0359375
2 0.84609375 0.32265625 0.0171875 0.028125
1 0.0984375 0.5078125 0.125 0.265625
2 0.09921875 0.403125 0.034375 0.0515625