1 0.13515625 0.58359375 0.2703125 0.4890625
1 0.9046875 0.5671875 0.171875 0.365625
1 0.69765625 0.49296875 0.0890625 0.2421875
0 0.80546875 0.51015625 0.0828125 0.2734375
1 0.54765625 0.51015625 0.1171875 0.2703125
2 0.1109375 0.39140625 0.0421875 0.0828125
2 0.896875 0.41875 0.034375 0.0625
2 0.534375 0.4015625 0.0234375 0.0484375
3 0.79765625 0.3953125 0.0421875 0.0453125
1 0.59921875 0.47265625 0.0734375 0.19375
2 0.58125 0.39375 0.01875 0.0375
2 0.6890625 0.3953125 0.025 0.0453125
2 0.0578125 0.37890625 0.040625 0.06875
2 0.5515625 0.40703125 0.0171875 0.04375
2 0.8640625 0.4015625 0.0171875 0.0265625
2 0.95859375 0.409375 0.015625 0.025